0.0 0.8873960614400656 0.9134491939878544 0.8808908172607347 0.9127229710591861 0.9205806220268333 0.9261206724294299 0.9633417021797236 0.9722112001815617 1.051166089921029 1.0197886932686995 1.0312465041892764 0.968900157166312 1.0022772168136505 1.0395378564434072 1.0526066964935044 0.9283420930933899 1.0386456675177895 0.962344540786447 1.0067166595779877 1.0160994515911037 1.0435776304552875 0.9941679446049412 1.0134412121080745 1.0473608507869896 0.9204645263069577 1.0093564699848714 0.9943244253167385 0.9495532843160814 0.943257860146547 0.9916370180040103 1.057632953599959 0.9957668326899372 1.0249095323163055 0.9960937726322834 1.0185316871779955 0.9766970108591895 1.0541288831418574 1.03867544617883 0.9473232953292531 1.024777057348348 1.018484742529235 1.0747915324104909 1.0994879245836642 1.0458561169765195 1.1116436008005457 1.0968787474833879 0.9768467421702041 1.1064266591019394 1.0047047926957957 0.9533835595326112 0.9733344155420183 0.9774347204661323 1.031226585760818 1.038026776672009 0.9902536075923298 0.9724226652778152 0.997682991086088 1.070002589015447 1.0587529456968645 1.0955576198962422 1.0870449376723734 1.1129579724011494 0.9901416711463128 1.002951177783483 1.0867411100791478 1.0127053645678905 1.029761945068754 0.9497737909062767 1.1059630658826833 1.068535477681609 1.0434022650822354 1.0249144959741883 1.0018915021008055 1.030810319993773 0.966408721007484 0.9918439756416113 0.9975712785579013 1.0492683023826015 1.0604813089626062 1.036162102644553 1.0851180254746136 0.9993331382336295 1.0430840662599112 0.9625616024737028 1.0362784493828456 0.9289350430768537 1.0653830708975276 1.087938136112075 1.1559783824278975 1.0620072522218718 1.0305901942674762 0.9703495040262266 0.9800291001646357 0.9616295068383318 1.0224945333418842 1.108570364003089 1.0369508302359867 1.0756961872609265 1.0451200136125405 1.0389166758155648 
0.8873960614400656 0.0 0.7159266331731408 0.8814614490434948 0.8996184741270723 0.8842682391952317 0.9452088883476272 0.9654948473913112 1.0068059209140212 0.9402104940017578 0.9438940364252038 0.9101600201327946 0.9312210622663503 0.9810672950714828 0.9788259963181788 0.9938493275271659 0.9892701909638375 1.0783008985398825 1.0290340359680856 1.0555627477851344 0.9942442482320123 0.9272154798759039 1.0011695221848238 1.0204382994529013 1.0102240251506247 1.0719331835437436 0.9665617220898718 0.9889981100797796 1.091552098328906 1.0587075105980663 1.0140515003533175 1.0372946098807274 1.0355223866668792 0.9954609974873523 1.0245987054409573 1.0065503510571976 1.0175293133628571 1.0024909437579452 1.0943389228574492 1.076849142084567 1.090009013277861 1.1920810156404273 1.0801876850089915 1.0152760021717828 1.0391333987518072 1.0446715309289047 1.072384750083892 1.112294444827534 1.0194889442200386 1.0565716900487967 0.9239307809922461 1.0844281942773932 1.0645937212833696 1.0444107072817999 1.0330844137340767 0.9373460253592452 0.9878093687777152 1.0178134767342721 1.06870947624762 1.0614910810041587 1.036888042407469 1.0828175050120632 0.906381074738936 1.0709150374916747 1.0520887136945631 1.0221166059203197 1.1020937420792816 1.0361144650650322 1.014478868091635 1.150519918640707 1.0804490187094526 1.0351233922508778 1.0593996462671553 1.038808807948971 0.9957905340356065 0.9058553016476854 1.0758187333412597 0.9903554342027853 1.092455088506508 1.0702216483029563 1.005110687771183 0.9926556679400087 0.9549828400586363 0.9705347384547623 1.0104019340391592 1.0978965108038012 1.0764137508642286 0.9979644921159 1.0344986734826587 1.045713916207997 0.9794551231186331 1.0667378125616267 1.078723987230996 1.1130007056863027 0.9404274794638269 1.0856016437907006 0.9664083006665503 1.053006051845367 0.9923915096407616 0.9998424379364445 0.9491924980780733 
0.9134491939878544 0.7159266331731408 0.0 0.908062040557181 0.835139278715603 0.8805092940869264 0.8265013568664954 0.9332332079160551 0.9854163438983734 0.9861173416825528 0.9105557934907907 0.951452146542097 0.8161107364433311 0.8612131361660458 1.0826615264493602 0.8872004405734862 1.0108758753507514 1.0577018892146972 1.0521705293129167 0.9945408372733258 0.9467849297789893 0.8383858977831077 1.1043203170045033 0.9684168381653349 1.0551226152217743 0.9618085133535336 1.0055130883145311 0.993970745004184 1.0302174330365625 0.9378927929430773 0.9957431218478567 1.094595368476968 1.0897445914058648 1.0651794495437739 1.0192071012531092 1.1313558194120004 0.8558410588080412 0.9869657928081986 1.1056969948534556 1.0148546176572872 1.003852149748287 0.8663669037487687 0.9370941538037753 1.039762336024132 1.0387313389207256 1.011106706422852 0.9760967605669706 1.0712114872211196 1.0412221185138266 1.0170372380821122 1.1104339809634554 0.9858469544861684 0.9437606414165685 1.1610228979807815 1.0964710987788013 1.3629774235859275 1.0341974351102659 1.0416521280601008 1.0871939730015048 1.0387044683022617 1.042282201152847 1.0618918872959309 1.11475569566792 1.0229913981314418 1.0118591162576316 0.9954678391465516 1.033023377649793 1.040561240135247 1.0091641842307522 1.0243413579526786 0.9716622865340636 1.048483480477676 1.0820219602267565 1.0671206210581028 1.1311188684456441 1.1132384065722931 1.0298302786904687 1.017671491081146 1.0645098716007846 1.0579016712976086 1.0928655213253782 0.9944677894585481 1.0942228448850648 1.0251247786754074 1.0693851569465165 1.1343369405552486 1.0149435797967348 1.135335832464361 1.1071937626346309 1.0601199144812792 0.9882614291342681 1.0515315683921864 0.985435444360887 1.0551596534386012 0.944714899141889 1.0017554226482794 1.0072928319048822 1.1308939566965994 0.9863250306023887 1.013801367308849 1.008104318646659 
0.8808908172607347 0.8814614490434948 0.908062040557181 0.0 0.8541326094235688 0.86406499799936 0.8073175500084471 0.780530541397062 1.000464882796785 1.0797701736971732 0.9518570336076358 1.0101811831835006 0.957425408200146 1.0127210178443966 0.9810983972830005 1.0411294449722628 0.996448338769476 1.0145523987616514 1.0479733503400828 1.0292499907263306 1.0334758060884601 0.8579970464538934 1.0497137866639876 1.0232104488631986 1.003655137219949 1.0540689041561002 1.0523439188525485 0.9578384099787919 0.9926833191532713 1.0977128370998295 1.0561031421660583 1.0774084435010203 1.017986583794094 1.0198643495003736 1.0608001591902851 1.0349777933559494 0.9955944831070654 0.9666799662895752 1.0314470869691592 0.9220515156465148 1.0642253929407302 1.0990333622875854 1.0075373139123156 1.119514396403121 1.0087464824603738 1.0116045050982485 1.0772425332271685 0.9958749205911211 0.9645467104292719 0.9563584030373624 1.0197022838555265 0.9747810188975079 0.9320120106922133 1.0199573932987867 1.0182723858111866 0.9170831734264253 1.0333523709165089 1.0899049994750312 1.0839566048144464 1.0264149219949976 1.0152349672750458 1.0345118590301596 1.0061784277867651 0.9988866234345257 1.0317909680490465 1.0022094201001508 1.1260172191885696 0.997916174336342 1.0373925609950423 1.0429894786535487 1.072327213150599 1.1074384297060087 1.1053283964919909 1.0818066020388026 1.0339502774909008 0.9985825029245955 0.8717751588517975 1.0234727637885497 1.0424031436636452 1.0931064402176331 1.1279966930661693 0.9502574556990157 0.967726604210791 1.1122176017907808 0.9889896540477884 0.987382789275006 1.026898166164242 1.0464873134886568 1.036722826657722 1.1891742068766942 1.021196306835719 1.0246472478076334 0.9926390907971542 1.086608268211481 1.0391452983775948 1.054562206111838 0.9798702686928623 1.054259905238043 1.083792456184522 1.0886731649691033 1.0676646586506087 
0.9127229710591861 0.8996184741270723 0.835139278715603 0.8541326094235688 0.0 0.8198353385022443 0.7470297838052173 0.7995776636301872 1.0358221611315588 1.069489324407341 1.0319484812990294 0.8959444286695729 0.9697274772475887 0.9834426642259033 0.9803767593884076 1.0310456041042484 0.9915896324034894 1.040055994588341 1.020712094618484 1.0829823798443636 0.9938833512500269 0.8927176865849297 0.9828004788038067 0.9710498003539237 0.9848203828311494 1.021586574345405 1.0072423833338773 1.0304167622648128 1.0579543051455498 1.0111405763209218 1.0332334965820893 1.0651472279522927 1.0433584015284698 1.0750484601788157 1.1095541953799803 1.0725013451033747 1.0122086148186857 0.981603334947885 1.0206412068458546 1.0259818392780151 1.093538025814305 1.148222213465003 1.1323618574366616 0.9388253363207334 1.0449523674593477 0.9831736399171036 1.0942626614673738 1.1095275190609253 0.9712839178957536 1.0268346709160694 1.1129498898446564 1.0428832376414825 1.143154608477044 1.0562835794957817 1.0126348919523125 1.1602492491695802 0.9923038779813177 1.0494172617063082 1.093952884193143 1.011950909498417 1.040988293208877 1.1053257076948033 1.1109141538873804 1.059333345870892 0.884671165098399 0.9146501166073306 1.070430682186411 1.0041377834847005 1.089018625958411 1.0216833361074384 1.058405031430894 1.150135869547153 0.9475877398801149 1.05882412206506 1.0190771591982417 1.0727291858861578 1.10899080582944 0.9527448349981495 1.0083365087003764 1.0856235681796464 1.0588106552463372 1.0162953682495532 0.9629277003224931 1.1084685652638526 0.965176658280486 1.1270164596258925 0.9925690326076407 1.0340076468173311 0.9419809171509385 0.9696693070930313 1.0299417611426824 0.9472959198224462 1.0917104697551396 1.0136975262284338 0.9917662791359096 1.0125845652487795 1.0168740527382913 1.0953992462204194 1.0013898162826267 1.0216618962293071 1.0342666295186935 
0.9205806220268333 0.8842682391952317 0.8805092940869264 0.86406499799936 0.8198353385022443 0.0 0.9001652358289339 0.8479019512395586 0.8937138760297667 0.9925364163735924 1.1243876995761795 1.0510239871347296 0.865105009692053 1.0348340487151626 0.9425058335978731 0.9481355016229076 0.9942491543854575 1.0102584757443251 0.9707003695779521 1.0546053709682652 0.9454433829837373 0.9742026636866933 1.009917218109601 1.0034982883796024 0.9397921636502707 1.0444061938378173 0.9641043778154696 0.9887011903003168 1.0224065069899912 1.052700828487071 0.9727417589251149 1.0595477982688397 0.9387799239698821 0.932835716103412 1.0927111937156904 1.0715395785659094 1.0322118879675208 0.9691331207358245 1.0754072978584264 1.0443865286323026 1.0074407085437096 1.0430416867061607 0.963959393203353 1.0150079328389665 1.0797594604124758 0.9195140518827025 0.9221892928123043 1.0989344706749615 0.9797355753931737 1.0012870801853595 1.0238839361334187 1.0556993053926305 1.0884238377901412 1.157937156760068 1.021063401921016 1.0126998873108 1.0247340160322582 1.0759750356647197 1.0066875616918962 1.0342162163833952 1.0485655339564304 1.082340181675613 1.0353719226813127 1.0855662408644706 1.0222392241976703 1.0096773272771167 1.024462792392691 0.9954195889910803 1.0693047969478036 1.0217224463392867 1.1213134652878438 1.1075790181631373 0.9909880139248485 1.0469498096210466 1.0407160059041671 1.0796436368106848 1.0967294918764559 1.0743668250624996 1.0304185120872056 1.013446595769539 1.0622083218387863 1.0165090200018452 0.9991620258275744 1.085036082561789 0.9892768720572327 0.980193539311634 0.9661808343321319 0.9975873138426457 1.1109460169613097 0.9465791642447391 1.0975122900648169 1.1366461036646418 1.048652556168756 1.1106237977159292 1.0487270571069527 1.1191893072880914 1.0217511925203417 1.0220304400276017 0.9780374603804445 1.0344012516498309 1.136454007016082 
0.9261206724294299 0.9452088883476272 0.8265013568664954 0.8073175500084471 0.7470297838052173 0.9001652358289339 0.0 0.808338583306393 0.9326909605208845 0.8680755570318506 0.9585282665651582 0.9871472388721373 0.9351446467078084 0.9257617081964495 1.066199141201746 0.9475801857838745 0.9214574695070485 1.0502560008522321 0.9568550793065697 0.91137499609299 0.8913926661229479 0.9595588247387234 1.0607377183712543 0.9825964794898931 0.9777723319221209 1.0866422020227087 0.9625859636475909 0.9768482854510381 0.9357026457004134 1.0491625300869165 1.0474293086448614 1.0384127403759535 1.0455485144011265 1.0892699057588597 1.0451133957417338 1.0498468477443395 0.9513410328090932 1.0415299685382602 1.023252424731011 1.1149579521594961 1.1294269821392156 1.0875498252338387 0.964700723598551 1.0864171170549624 1.0784764263841717 1.1021222750886397 1.1111653916640334 1.062284396777018 0.9999668398145646 1.03706971907736 0.9443586535826269 1.0577110721294414 0.9385299496798335 1.0548098555221468 0.9860170672011164 0.9276492933523883 1.0065455719971985 1.0171364120164559 1.0808927437567077 1.0743171926086408 1.0598949012892538 1.0000841930908109 1.0060407971140921 1.05360338644052 1.0633619731953252 1.040147468505236 1.06204038815597 1.0666454339834048 1.0707908293496793 1.0639706459812788 1.1325675914825963 0.9961485837040319 1.059328880114122 1.078254046339379 1.0328187958841981 1.0408606153363855 1.0396882891134 1.0336218404433013 1.0296450237965054 1.0128313962381237 0.999564651630186 1.042269838698515 0.986837768360475 0.9670357105851469 1.0487130644634655 1.081628678016313 1.060848396260829 1.0733125618071595 1.037719280521214 1.1972476849749814 1.0520901034995016 1.1182815001017856 1.0713475526140734 1.0704688591577833 1.1217286492349425 1.0517945153451407 1.002082467697799 0.9969251969537196 1.0599530056033213 1.0183463315853756 1.0706193476759294 
0.9633417021797236 0.9654948473913112 0.9332332079160551 0.780530541397062 0.7995776636301872 0.8479019512395586 0.808338583306393 0.0 0.897476936368861 0.9741438480162465 0.8964753709116701 0.9768138081678832 0.9408471354069855 0.9952484906391871 0.9455648640305088 1.0426070613406142 1.0247130940066875 1.0156171755551409 1.0004387224888638 0.9627343676954845 1.0096966480036298 0.982517792302745 1.035221676999216 0.9789197538804626 0.9971835253208319 1.0165548029442486 0.9970917514577184 1.0017651905970495 0.9960776679297251 1.1175347982270125 0.9782151479960381 1.062408135007248 1.0528411899764636 1.0198283131766863 0.996178474061115 0.9959688852516128 1.0439015083405716 1.0159952019647116 1.0791187322135574 1.183989121621387 1.0991805040401088 1.0922146749242878 1.0136718388171324 1.1211074683963427 0.9969786394138518 1.0362396918908015 1.139840254255119 1.0361829809879446 0.9997580266434071 1.0634704644319029 1.0359418254864585 1.0569465818858594 0.9741874729806248 1.0415137314060852 0.8828722246908803 1.0161699011965857 1.0602537785508652 1.0704684318173432 1.0479173380795155 1.0342928875877166 0.9557475239115482 1.095499362790245 0.9889336409619366 1.0512031237949264 0.9698431871123927 1.0156972464674208 1.070965263273033 1.043094216682445 0.8851987059383619 1.1598564674203438 0.9992178546939395 1.039678291192616 1.0581830212235148 0.9976605694148739 0.9099944658637191 1.0821869955187169 1.09646512418761 1.0129881256545696 0.9892575682916116 1.046848059972406 1.0013409010294048 0.9168121789918806 0.9874995056255335 1.0473678278329122 1.0157936995737575 1.1112571678540544 1.0734042420800938 1.0811500172897814 1.069430237266909 1.1483362391548013 1.0392243331262991 1.0072784107285089 1.1302724080344766 1.0153551354161483 1.0186150364919269 1.0001658590870162 1.01562797784355 1.0823613865975577 1.092049448917305 1.063032994725696 1.0074242066253025 
0.9722112001815617 1.0068059209140212 0.9854163438983734 1.000464882796785 1.0358221611315588 0.8937138760297667 0.9326909605208845 0.897476936368861 0.0 0.7356087706498771 1.0036736969439086 0.8385594548292288 0.8807456673244386 0.9625750020035314 1.0133745975062716 0.9604125430930334 0.9960779829109457 0.8573862458679797 0.9787894363261044 0.9339599703965076 0.9438792501414704 0.8633328091549709 0.8289926597917122 1.0580161289295578 0.9425840140724762 1.040280290341167 1.0723330331167307 1.020460085527613 1.039536411368394 1.0093046428317645 0.9709136606356727 1.1129713188477441 0.8651333545804027 0.9673712680095611 0.9016065513698707 1.0217705477265706 1.0517734069668043 1.064511640392346 1.026920130093317 0.9743400633866015 1.035551481677995 0.9411238372290945 1.0446106865096558 0.9028547931890132 1.0949620281870946 1.0271682001098206 1.1299310666830793 1.1697229215606246 1.0298662464325323 1.0020829644462064 1.0205659515168461 0.9968547671858085 1.1591768252323993 1.051581272440357 1.026513152699813 1.0639551523927835 0.9873058485988748 1.0644200133525235 1.0096767231207053 1.0161088630551776 0.9994189504164184 1.0779296369889828 0.9503795623553544 0.9865993692921079 1.1164899145499938 0.9420946709230682 1.0615143654557433 1.048763388596583 1.0354744993013527 0.8790074535378636 1.0433994184260487 1.034877402055467 1.0433956781926088 1.014599875343313 1.0944077913357222 1.0412238081305778 1.0199085955450187 1.0962047134913384 1.0074427844025828 0.9654135708650333 0.9918051465023593 1.052945147462206 1.0321053155387905 1.1169294838313646 1.1036746166557074 1.1231766128650962 1.0269104709462324 1.097941508935357 1.0404137912847329 1.086374099519182 1.050205100694044 1.0646734279228605 1.0402889885990327 1.113765620226054 1.0770859055683932 0.9847373276620897 1.0087973454210284 1.01609034440973 1.070476026552193 1.049680549436127 1.0889745320084727 
1.051166089921029 0.9402104940017578 0.9861173416825528 1.0797701736971732 1.069489324407341 0.9925364163735924 0.8680755570318506 0.9741438480162465 0.7356087706498771 0.0 0.7786388729704847 0.6420688391840783 0.8170986245724049 0.7963232893649911 0.9446812385632783 1.0066460418029908 1.0054821280014563 0.8958652438979147 1.0747637120262483 1.09409806666824 0.886597122033184 0.969614077736493 0.9207468265728435 1.0847730875589547 0.9702505860882709 1.0639730747504061 1.0933445808241384 0.9577661129453744 1.2409316440134583 1.0918911471094166 0.957794281219096 1.0229203451744397 1.1547151384206515 1.0160502964865687 0.9538747036936933 0.8779567010598742 0.979263914542165 1.1362142082116236 1.1440202771418162 0.9733847021185035 1.0621062007058486 1.0299000752926226 0.9398004240115241 1.032421424758682 1.027001693742962 1.033235993517367 1.321214508296583 0.8531249158467273 0.9565355304639199 0.8862783767272732 1.0523015437203331 1.0395001280136515 1.047920881842368 1.2129671322527023 1.036717128119609 0.9725631454714241 0.9947556549204833 1.0589188506524394 1.0583020371150738 1.0270502291408001 1.0862483302257158 0.9620365451120175 0.942607328025996 0.9818041912703604 1.0697227549411619 0.9760476428443273 1.0533555363435134 1.075355776820343 1.005196622618318 1.0334052983830322 0.7911843672875151 1.1309112242552406 0.9642626210410242 1.0270973979340987 1.1333840284020955 1.1479013417673931 1.0471185022320584 1.0163043048511533 1.079822357197154 1.1035370729678526 0.9679519618995359 1.1427094624466667 1.040146258942526 1.0183565075197427 1.0788921986634739 1.104499892224069 0.9663464285800585 1.0763613821038385 0.9818724330246359 0.9283608011280864 1.0432942473259115 0.9496594804151641 1.0410594869370091 1.0722686007632785 0.8960603274430766 0.9909809662599403 0.9826844174269052 0.950435923307081 1.0913669630607716 1.1476619573260076 1.0442459998487843 
1.0197886932686995 0.9438940364252038 0.9105557934907907 0.9518570336076358 1.0319484812990294 1.1243876995761795 0.9585282665651582 0.8964753709116701 1.0036736969439086 0.7786388729704847 0.0 0.787806793012446 0.8261673731986515 0.9343585776270231 1.0611300308768081 0.8995110223674031 0.9942091936090236 1.008354158032935 0.9558836021623872 0.9160781810318092 1.0538534818897192 1.0305473629722526 0.9710088214709791 1.042672365701767 1.0249830415222425 1.0652245145692418 1.0564826217802101 1.0688823871442579 1.16247302137895 0.9027850889015164 1.1166954030637615 1.0708037739736838 0.9406354980741222 1.0536296980906268 1.044927336338272 1.1305538142168423 1.118056313350548 0.8932380452343515 0.8506843115063734 0.9394072022818722 0.9770874309187613 1.0980449363033342 1.0103872036046537 0.9915694785928255 1.1216700564978441 1.07077959355219 1.132170980723774 1.012144558439441 1.0340126081375287 1.050482218896676 1.1049095577101755 1.033039440104123 0.818922401308562 1.2423946475283665 0.9241285302719381 1.0261369836253893 1.0111746589599797 0.9882729655834666 0.9950963061776866 0.950196457369764 1.0065311438470737 1.0696315286548557 1.0952714435815747 0.9654973066748568 1.0963068033401422 1.0279099314452211 1.0512154062028787 0.9832035284928414 1.0302605183071598 0.9806251896096817 0.9897471909336987 0.9936238812355667 0.9005765088449518 0.9345588033071435 1.0814747391482928 1.0424209611982511 0.8788412346674146 1.074546804665181 1.027014449211018 1.0521102595508645 1.0155890779891479 1.1166477525724277 1.0814149175003613 1.0122449923091694 0.9934151449104395 1.0390732981027877 0.9643529702714146 1.0694382420172222 1.0818056500157354 1.1376037727189028 1.1145432681046796 1.0064822521618813 1.0151441559586507 1.0110537473325751 0.8587196803056538 1.036627244929628 0.9769128218616507 1.0571143017176376 1.040662057938862 1.078113730893206 0.8982687768933785 
1.0312465041892764 0.9101600201327946 0.951452146542097 1.0101811831835006 0.8959444286695729 1.0510239871347296 0.9871472388721373 0.9768138081678832 0.8385594548292288 0.6420688391840783 0.787806793012446 0.0 0.9216870273587464 0.8450542147517652 1.0156859622849264 1.0926319257827086 0.9676433640123935 0.8926044110912257 0.98937151228344 1.0525442378552212 0.9814654335179666 0.9385506890355878 0.6262060854652478 1.08975071511922 0.9681149808631181 1.0338260448576966 1.010967416987325 1.0443046582816484 1.0324191689853839 0.7173579607420959 1.0297463570263838 1.1129454622274517 1.0224562670574626 0.9176089996870278 1.0566243842183327 1.0420226118616327 1.0269072491139428 1.06219936167386 0.9783431876412408 0.8646959817858212 1.0656181717338447 0.9305557550553416 0.9799395789769064 0.9870537300571898 1.094808727724627 1.05457519309963 1.0579078200318643 1.134301418851557 1.036078683681343 1.1358774463028611 1.1222354680734732 1.0633976621308714 1.2464020511336664 1.1719739172949435 1.1176569337961735 0.9515054315082845 0.9924281882256889 1.1240383777850962 0.9699921945129057 1.1448195879273257 0.9055286163576532 0.9906007512439063 1.0064763826432426 0.9949708339582258 0.9777733097289458 0.8477427945646513 0.9901847566151762 1.0247861961808866 1.0977653673707952 1.0613037306184407 0.9863704968708612 1.0627319592151299 0.9084172850508323 0.9786829776106936 1.0293495378928779 1.0867599789337736 1.097875819726864 1.0374493417063173 0.9382729131087474 1.036435142650259 1.109719304258876 1.0067570665641554 1.149342968098836 0.8403185075562476 1.0045465406374814 1.023624669343757 1.0821866233655157 1.1028085369154306 0.9440940273379096 0.9407062762304909 1.0821582749061271 1.1509645554533032 1.1747065656229176 0.935112352249191 1.0989128953806822 1.0116739501655323 1.0718731647949946 1.1067168008348869 1.025368066631955 1.1924043662358925 0.9217243875031126 
0.968900157166312 0.9312210622663503 0.8161107364433311 0.957425408200146 0.9697274772475887 0.865105009692053 0.9351446467078084 0.9408471354069855 0.8807456673244386 0.8170986245724049 0.8261673731986515 0.9216870273587464 0.0 0.8333481552742146 0.8943812318221745 0.9854861890448039 0.9835383531585993 1.0122655401964702 0.9500366910319012 0.8042662038629773 0.9554760271242101 1.0732284167792558 1.019619924189475 0.883094307086145 1.0015968027464142 0.9906393534285387 1.0083563572052279 1.070966915392082 0.9891919801790574 1.0393365700332704 0.9258587614507726 1.0740128710936054 0.9541857933579411 1.0226639371212316 1.0008074610323368 0.9590585094620545 1.0573377565026847 1.0717741633301339 0.9450317387269963 1.0849119137131966 1.1142335745128078 1.139639423097953 1.1564039955803063 1.1496645108164103 1.0770736783442305 1.0888511166949824 1.0665414835726192 0.968705535595817 1.0397283731807938 1.0436467631502029 1.0886901160513398 1.112886906478127 1.1104493059381786 1.0677396035285631 1.0424584418310372 1.1485791865124464 0.9311293953016063 1.0751723137097928 1.0287886387137855 1.085540601808881 1.089283782524213 1.04602316492867 0.9902613031618192 0.9168479011702088 1.1161277649748826 1.037584004863521 1.0104049686324335 0.948471275274277 1.0104718447275893 1.1028885484490722 1.0404619898540284 1.110195347716781 1.021685890709629 1.0684952816588766 1.0391086659077042 1.1013504782132517 1.0389040165144552 1.0746660351761812 1.016723791225105 1.084242216162054 1.0452701993048752 1.0520679066177474 1.0056971218398925 1.037211411409433 1.0078388022648181 0.994543518358974 0.9750104534244226 1.1347749491992756 1.1097351476063775 1.0640936528881964 1.0825212253241245 1.0677961378872745 1.0591703971694264 1.0797144384681037 0.9250528179863433 1.0524458046768892 1.0111454117976615 0.9603249310862966 1.028581664023095 1.118650898366762 1.022870360681291 
1.0022772168136505 0.9810672950714828 0.8612131361660458 1.0127210178443966 0.9834426642259033 1.0348340487151626 0.9257617081964495 0.9952484906391871 0.9625750020035314 0.7963232893649911 0.9343585776270231 0.8450542147517652 0.8333481552742146 0.0 0.9483810708423479 0.9209769184299512 0.998961848397479 1.051686350538657 1.007932672329265 0.944383309882521 0.9939398842853054 0.9298437126718317 1.0460097936452948 0.9880515037867377 0.996812313535152 0.9737951634448014 1.0450473026953093 1.0822205109017755 0.9672854590545121 1.0560044503446238 1.0119600034324128 1.0725088674379 0.9984946434125358 1.055141387969301 0.9995060558011689 1.0471671189856737 0.984059704796166 1.0921590372163184 1.032019523755755 1.0383985492440169 0.9726196746374618 1.016019479267407 1.0656198349832455 1.092665117392519 1.058854893039495 1.1171715429879954 1.082380904634907 1.0520528335762576 0.9652742989058125 1.0203987799213978 1.1244152616898633 1.0197473219688113 1.0363470861000446 1.0888064154286072 1.171204363971494 1.040981500054244 1.0718697920372033 1.0693934185554075 1.060668926211143 1.0894665651294204 0.9875686746798332 1.021982070466087 1.1042066628684999 0.9603898153025108 1.0523878463816876 1.0392175288349395 0.9447336123597023 0.9555448941454295 1.0279239156546645 1.0604148601450765 1.0180488957435716 1.0036642046420916 1.0000766765865066 1.029010540270934 1.0729649091164424 1.0805548546463897 0.9914164980524264 1.0676893358140072 1.0009501384843584 1.0156895183914625 1.0323032404088741 0.9816936162016905 0.966737416174137 1.1006011074301312 1.0567452152374401 0.9735903449678954 1.0227383141261221 1.0503010268104636 1.0621675784404216 1.045371612856215 0.9078852566092506 1.0503586644745437 1.075464047407476 1.0449819260343274 0.9227391176523052 1.030828094687854 0.9878094575580457 1.088556145540318 1.0057867074327422 1.0568930097091203 1.002003015164109 
1.0395378564434072 0.9788259963181788 1.0826615264493602 0.9810983972830005 0.9803767593884076 0.9425058335978731 1.066199141201746 0.9455648640305088 1.0133745975062716 0.9446812385632783 1.0611300308768081 1.0156859622849264 0.8943812318221745 0.9483810708423479 0.0 0.7543554979985543 0.9611734252600962 0.7404329498822753 0.9227090013251954 0.9287348548525173 0.9207896170735661 0.8023747856142092 0.862734389258105 0.8986910286738036 0.7860666570235888 1.046620678766807 0.9462665934199844 0.9204289646299164 0.9241855532919765 0.8957897751211396 0.9378826879475616 1.0154157594483522 1.055001646556698 0.9721876859928373 0.9847052666258697 0.9543624423953742 0.9770582804907803 0.9871295802965795 0.9802233631887183 1.038739405189914 0.9408122919333559 1.084440624418456 0.9722325559700349 1.1040153180153898 1.0836358757074278 0.958951075847765 1.100803941128987 1.0971738930685897 0.955101522137044 1.0615902763477958 1.018178885293456 1.1506103393645488 1.0423055095432143 0.9005086622953086 1.0208034070790337 1.1063735502280874 1.1415369359450922 0.9772493356533247 1.0087144328678375 1.055131529679028 1.149126853776334 1.1308608463322454 0.9828291662672457 1.0985280953330796 0.9004407417520849 0.9882122331246254 1.0775199326046576 0.9616297839976292 1.1312498269212399 1.0462200099253625 1.0504020538514578 1.0275376203800295 1.1067482818602512 1.0604640190566597 1.0495698885222446 1.1155635798308248 1.0594713223580554 1.0758547244545125 1.0303994384780606 1.1060541946439593 0.9987051135107916 1.1069322326157227 1.01118824853431 0.9550819028398169 1.0748959149673087 1.0492743566459528 0.9943179321875124 0.9404481180877218 1.0540242952194006 1.1333548153679887 1.2053037569476308 1.1247461078791188 0.9432113239739605 1.0789529699586577 1.1035947752519302 1.0153276637327735 1.0693257431480125 1.047143760250528 1.0229893686561953 1.1135012727361033 1.0355629365495962 
1.0526066964935044 0.9938493275271659 0.8872004405734862 1.0411294449722628 1.0310456041042484 0.9481355016229076 0.9475801857838745 1.0426070613406142 0.9604125430930334 1.0066460418029908 0.8995110223674031 1.0926319257827086 0.9854861890448039 0.9209769184299512 0.7543554979985543 0.0 0.6975952210230388 0.8063458700760804 0.9666396573696504 0.9606324297480084 0.8896419235047581 1.0880932969239523 0.963522092383413 0.878227255167772 1.100897476233745 0.9087618740351959 0.9997444927907836 0.9924052660930717 1.0141525226370705 1.0285656838628348 1.0339956210421173 0.9271631340475517 1.0279037208314592 0.9851125646481949 1.0288955005414238 1.0946594860744467 1.0074828921612007 1.0477238385707577 1.058430531767674 1.0984665149913266 0.9694776174211763 1.1167728065469804 1.0627767872028098 1.0281326058778553 0.988341410348133 1.0529076236927204 0.8047342515154816 1.0878782138520893 1.0393928026943022 1.0532395533993435 1.043138546342042 1.0706016612311313 1.0296147533369289 1.0950501780335324 1.186974119215132 1.0943032362060914 1.103322744520013 1.07901521380538 1.0962967595339013 1.030198427061002 1.0183513175016403 1.027226889968727 1.0060226190207995 0.9802470342442672 1.1479318946998414 1.059612603998559 0.9772857865458672 1.009145353273172 1.1018480728846052 1.0410523351930308 0.9170748257968488 1.1637049512960278 0.9862451876306321 1.0169927822657177 1.0570800197358778 1.0307100696516256 1.0912384170342788 1.1041463903554356 1.0429847684982043 1.038605344079663 1.0110529393900296 0.9670997107974977 0.9633083307054786 0.9104663524798917 1.0506211672927317 1.0010664761698422 1.0912733023995098 1.1110069206540847 0.8344899462846147 1.0973537660444974 1.059670619495536 0.9936636944118614 1.0200980207766226 1.0304479268719202 0.9279069020047905 0.993556936768848 0.9788124772457173 1.053740930488826 0.9999258932715388 1.1378126692517276 1.0315439196167386 
0.9283420930933899 0.9892701909638375 1.0108758753507514 0.996448338769476 0.9915896324034894 0.9942491543854575 0.9214574695070485 1.0247130940066875 0.9960779829109457 1.0054821280014563 0.9942091936090236 0.9676433640123935 0.9835383531585993 0.998961848397479 0.9611734252600962 0.6975952210230388 0.0 0.8694942645757266 0.9786288098397027 0.9803699495616257 0.9875872948507824 1.04861329875363 0.9170086364791923 1.0310352094348847 1.0439941946664193 1.053249696975174 1.0390321919875187 1.0858697722137538 0.9461367603270192 0.943362606063907 1.0109117991787167 1.0809044964442185 1.042607847870847 0.8914649866420047 1.0113919056441345 1.010735154997919 0.9841426951949312 0.9359642215097075 0.9669529522949248 0.9440115033744891 1.0619633712459564 1.0895379643951377 1.0259742997892023 1.067625706948948 1.0315954329520018 1.003532916876518 1.0686037546728002 0.9870855220657394 1.0364542400782801 1.021081367704424 1.0378424658177496 1.111516573667515 1.1283511606603973 1.0137161984576333 1.039394575628776 0.9987474545203335 0.9978004339116321 1.0452595757910443 1.0406963670169191 1.00589044920249 1.1349051736443099 1.0701553570622435 0.9525671695731686 1.0429339859213682 1.0802597579852227 1.00729714930416 1.0310072635070988 0.9964497197971953 1.032738783340844 1.0459850914280138 0.9467772900953763 1.0588505554242316 1.0562826688111338 1.0517312488579975 1.0189450251960341 1.0790760935842654 1.0545306607570213 1.0914998667960634 1.0441268087511606 1.048458871251268 0.9929191532739365 1.067036781336206 1.0580946591397824 1.041763099776115 1.0871639583691841 1.0197593227291772 1.0133744066013144 0.9234743232319459 0.9268740312016703 1.1406583493909899 1.0211739491333793 1.0758722964589185 0.8745500664166738 0.9450675474984367 0.9372140554753042 0.9509548715707208 1.0643433327071148 1.0421645845052405 1.041576820392687 1.016919379643247 1.0788309645778966 
1.0386456675177895 1.0783008985398825 1.0577018892146972 1.0145523987616514 1.040055994588341 1.0102584757443251 1.0502560008522321 1.0156171755551409 0.8573862458679797 0.8958652438979147 1.008354158032935 0.8926044110912257 1.0122655401964702 1.051686350538657 0.7404329498822753 0.8063458700760804 0.8694942645757266 0.0 0.8314051036411206 0.8443886997537648 0.9146929307395928 0.8714110596581233 0.9827433427894022 0.913493385030259 0.9827684649476817 0.9909971897808412 1.016297421123837 1.1075218474205462 0.9362907650119751 1.0837972113705157 1.0361875216676038 0.977204272322669 0.8109411445565948 1.1133767707215594 1.0065022816268017 1.0680622422448762 0.9022083636795138 0.8257071219017558 0.7896592311222514 0.9888953607263673 0.9680311287552701 1.2827584223211066 1.1189310844689828 0.9753046363615022 1.0486776842264145 0.9690668341140187 1.0191871117552453 0.9517066571865918 0.9915383288988023 1.024911827587088 0.9958487542596498 1.0124290364978343 1.107629366587054 1.0386036626122443 1.17312302917995 0.9706174671764536 0.9483996394383031 0.9536756432038749 0.9975465278773821 1.0544549668479373 1.009525531491168 1.1600790828551952 0.9615115148241455 1.0113731787155702 0.9541472775893972 1.0403784414772344 1.1885745392456983 0.9158340739052276 1.2399704760721355 1.1615984326262827 0.9620138201886521 1.1607082148082066 1.1099263507776542 1.0366594982763715 1.1657404983087716 0.946708692776788 1.0115385704990063 1.0566584306229125 1.080632957939146 1.0499482490430392 1.1301154455088092 0.9792614239446763 1.0036048713993098 1.0639679136000109 1.0372463126956744 0.9754660795333008 1.0420408901322222 0.9255511825446862 1.0215689220719981 1.0211049985032912 0.99742790944247 1.04128537222995 1.0656978332614522 1.1140197903163342 1.0478607490642362 1.0240314457283128 1.0164519494049606 1.0680265491259973 1.06870238939545 1.1270395001648807 1.0384663992820906 
0.962344540786447 1.0290340359680856 1.0521705293129167 1.0479733503400828 1.020712094618484 0.9707003695779521 0.9568550793065697 1.0004387224888638 0.9787894363261044 1.0747637120262483 0.9558836021623872 0.98937151228344 0.9500366910319012 1.007932672329265 0.9227090013251954 0.9666396573696504 0.9786288098397027 0.8314051036411206 0.0 0.8288975365086566 0.8508027617469825 0.7896869032153981 0.9146156786185641 0.9907319080216737 0.9652051778834395 0.9926030990411676 0.957007178403263 0.9573338854193113 0.7586445035547987 1.0168639650638227 0.9389656696434681 0.9335312623775714 0.9881305212193013 0.8478663039773567 0.9952350825760771 0.9863126433578672 0.9581373466953446 1.0363903411140136 0.9144749473815044 1.058536308133428 1.060445959174631 1.0283808188037205 1.0517303367420279 1.0059014209349622 0.9429136064147746 0.9520858261621719 1.0453370149896952 1.0723165560275185 1.0073596285717648 1.0113433649556418 1.0396990005439573 1.0066624567844198 1.1239256263706088 1.0059160730082255 0.9855041164712279 1.067074487619884 1.0571347609201058 1.015276456790809 1.1403685180721619 1.0210360786010717 1.0563749392839754 1.0562822661238933 1.080434537443576 1.0630710003573165 0.8964130134676329 0.9701883678971335 1.036770909903181 1.0348380484149498 0.9734497964244259 1.0345653671605335 1.0940715934393783 1.0377505356597012 1.0984879072700917 1.0430539293577379 1.0805144233626338 1.0328420701270025 1.0862780023589094 1.0220467501495083 1.0067397172905272 1.0506173341454887 1.0894722171629723 1.0212693896501845 0.9811469553721403 1.0285387923158669 1.0505829116761995 1.0425729737955487 1.132651683996229 1.0169704738378353 1.0027220480737458 1.214883028686378 1.0830151917212825 1.0833777528693413 1.121364655890673 1.0438454452057657 1.0493210132218034 1.0109560232843346 1.107657282953348 1.0989454954669036 1.0441708786276078 1.0904178392899027 1.1148218899165576 
1.0067166595779877 1.0555627477851344 0.9945408372733258 1.0292499907263306 1.0829823798443636 1.0546053709682652 0.91137499609299 0.9627343676954845 0.9339599703965076 1.09409806666824 0.9160781810318092 1.0525442378552212 0.8042662038629773 0.944383309882521 0.9287348548525173 0.9606324297480084 0.9803699495616257 0.8443886997537648 0.8288975365086566 0.0 0.7740697987863892 0.792571874192973 0.9430256946031061 0.8322725763990809 0.9969688421537969 1.0268526349319131 1.0736960521015322 0.9659383006249203 0.7187227275680369 1.0013024524870073 0.9997959609424996 0.9413436740641837 0.7363780880476329 1.0803271153551337 1.0366852002835423 1.1141929913362452 0.984340869002992 0.9781682609496485 0.971979634447544 0.8081153573382791 0.8475390665513965 0.8818109074620344 0.8513434999276372 0.993466742404809 1.0654412471443269 0.9778263497520584 1.0123749807485445 0.9828533210007795 0.9357745935871019 1.0103175367250916 1.152864935784788 1.0230660164323628 1.0694965677472408 1.1227113418056824 1.0799622481449127 0.9773393058120595 1.0430854289004576 1.009881264904917 1.1309009196714062 1.0457932960389367 1.071859050636434 0.917309280842091 1.106795066809675 1.1521153083607065 1.050857110142441 1.084343371204819 1.0877725430585257 1.058172708615932 1.0582761650547765 1.168210415011239 1.0232844939270584 0.9478155794122354 1.1643453498972307 1.0215932180352043 1.169686486188136 1.0022504484064667 1.106346577256311 1.1739674765466181 1.0353081494237462 1.0688498435112495 1.102022647530376 1.0989359864019987 1.0199726000871316 1.0841606684376228 1.084388673887179 0.8757948884700785 1.1654115795238995 0.9941808522352475 0.9249342159810442 1.297479373632775 1.0416023975734172 0.9575365981648729 1.0825787793001505 1.1641994938965394 1.1861657966872046 0.99930772505774 0.8974712389855994 1.0437747967007953 0.9798663030334809 1.0101794401736441 0.9345591439360941 
1.0160994515911037 0.9942442482320123 0.9467849297789893 1.0334758060884601 0.9938833512500269 0.9454433829837373 0.8913926661229479 1.0096966480036298 0.9438792501414704 0.886597122033184 1.0538534818897192 0.9814654335179666 0.9554760271242101 0.9939398842853054 0.9207896170735661 0.8896419235047581 0.9875872948507824 0.9146929307395928 0.8508027617469825 0.7740697987863892 0.0 0.9211182982949144 0.9021486595473276 0.9621816286822202 0.8776445974335523 1.019017327732362 0.9612190744168227 0.9433313305194976 0.9577030750833967 1.0406522192312606 0.9981379388108641 1.04261973357993 1.0065195913551792 0.9579559437294876 1.0384931074854273 1.0782675095873815 0.921316468908087 1.0584833238641536 1.092957373007002 1.0905471261001045 0.9851575565213647 0.983338287750407 1.0553078479858866 0.9747430339833769 1.035138139262151 1.1236421641039358 1.1143371241951874 0.9889706978733936 0.9267808535976488 1.0175311522958803 1.0702131305425362 1.0670658685867247 1.1114039698837515 1.1218377949138552 0.9458063431207804 1.005820203776093 0.9797838318417533 1.0714313941366733 1.0726156862017207 1.0233214334529608 1.0366490747615333 1.139954050155258 1.071459697898019 0.9967471252568549 1.1437552352294202 0.9573814941453224 0.9719170708649059 1.0637752600852235 1.034351529536296 1.152784685421076 1.0886597659375843 0.8986791088592967 0.9685042374421199 1.0251646171954054 1.065599719465921 1.0309336212195674 1.07665011822275 1.076944010997138 1.0700421551028607 1.0867185916425066 0.9662698725301213 0.9504943545632681 0.9702951560996835 1.1067653596483438 1.0308344369135636 1.0400218523561644 1.0145639733735554 1.0786464244668303 1.0195922553990553 1.1122092739922675 1.0663126782792811 1.0987489270744049 1.0428624676583138 1.0687916621390359 1.068884817121516 0.9715282490038497 1.0563572216895822 1.078651962921936 1.0839205821204712 0.969523610044266 1.0189122930771697 
