0.0 0.2278896970264478 0.21332268265555165 0.2046882063553953 0.25523063131556034 0.2737741733832292 0.2071485398429711 0.2810003229365605 0.25304775670048485 0.2804922848841077 0.2357432593753791 0.23160251376125107 0.27085849961991104 0.26344049206743536 0.2615683465980507 0.24850853314943233 0.2723101897451532 0.28720930536462064 0.24031980414030996 0.24962369978847654 0.2579102995647453 0.22054921712683395 0.20049785594929137 0.25845444005348495 0.266951690246474 0.24358991158709054 0.25159453720829483 0.22702581165888136 0.2154850503362783 0.21557519511900292 0.2089658988650005 0.2797259987741132 0.2606119126552926 0.25352995248845345 0.27355783686735147 0.2924622477795421 0.20095633449892214 0.28187813459269206 0.2595065678358962 0.2202995530256585 0.2760929693803259 0.2490868330716235 0.23093525173635487 0.27810802897982556 0.28231397427092364 0.2885368778619569 0.2652263980250694 0.2166212427050329 0.2619493989905991 0.2616557271361962 0.2106365288895523 0.1944168465019266 0.23213528790308746 0.22220212913286008 0.21528985892107544 0.19945096702519394 0.2264148079323156 0.26653620114853704 0.28114012361011653 0.2826834117450113 0.29776839044400694 0.2898966095802322 0.3077025548164779 0.2966337007762604 0.3133063473040584 0.3101673964204078 0.28383110707077863 0.2850109479980564 0.24032483526396942 0.26952347621305306 0.2654019568790029 0.27365697155503976 0.26309964706319167 0.2546166170463977 0.2906194209169709 0.2580998550611415 0.24736173569717812 0.26572836945398803 0.31986046010437963 0.27330833584856473 0.29544199602922105 0.3184387333457044 0.2575553600054984 0.26498947811546747 0.20628434018152053 0.27826177187399403 0.24505442882674866 0.29954010928407526 0.28340289507764027 0.30439582409591026 0.30097876275258195 0.3003609948223661 0.2599912314821041 0.26648496887512974 0.25800061647409034 0.3047037850178351 0.3388393044161049 0.3034600445015927 0.2996848140363989 0.27902983381093416 0.25390610614377596 
0.2278896970264478 0.0 0.19256962340276407 0.17580314714305 0.24993157349540274 0.25077554657304735 0.1856686395846341 0.2533363426479698 0.2701723891618595 0.23729489472980392 0.2307963719370022 0.2071550291124552 0.24654306690928562 0.24792560716388123 0.2603256194257204 0.2591069033895669 0.32267386613032834 0.30837079399084555 0.2832047670475999 0.24693574632577764 0.2566305047093631 0.23259017505339574 0.24506458845790635 0.28219243321185306 0.2693562654919047 0.2972583644997163 0.2461181092509379 0.2477857580090278 0.2577037449204005 0.2990185575489821 0.25451654518241495 0.2718487876232717 0.3023725787963075 0.2770501962112325 0.2629391489688687 0.27523509997902973 0.2329648151225182 0.2836837511118273 0.3037515458751545 0.26194361751519013 0.2974081157154771 0.2911186329077011 0.23424885658814032 0.29750121495108994 0.29151959424003904 0.2526176074058941 0.28234368059736037 0.2653594332714657 0.2111051349004638 0.28503589930112894 0.21199355740423986 0.25931986857910017 0.26051336592433183 0.26301033532270346 0.25655732844288515 0.20033151219631762 0.23331835501880238 0.26037141431130806 0.26971312500661826 0.2749185492559786 0.27945196506296877 0.2883907633373355 0.2514490528914871 0.3000458833049102 0.31128210636914333 0.29544456024902965 0.3041361869039837 0.3163921771369558 0.2570425673667327 0.2603954047931669 0.28296059866996726 0.2698340855500446 0.27478663285629834 0.2591855973357208 0.2586001886167907 0.23355710671650076 0.2702560910943753 0.2740718141045245 0.33363705443201086 0.2714886771619247 0.2690202775420557 0.3023948560005919 0.2419490839466013 0.24946634924281685 0.24055695994078674 0.29069078743299603 0.26891685667005627 0.2569202932962066 0.27333429527711117 0.2918563565553576 0.2821296877142162 0.2783066203615667 0.29131991207092944 0.30010823097036865 0.2497933918771088 0.31640449505010537 0.26147549593426855 0.29816933278411295 0.26655168695852893 0.27299509056513893 0.25084992937049455 
0.21332268265555165 0.19256962340276407 0.0 0.18183103839179482 0.2098086829394301 0.20506180766684523 0.15797242444032533 0.2457565269082247 0.19232329814477145 0.22232365962235734 0.17438342644542215 0.16091442866637307 0.20233340867309113 0.1792432204859825 0.23584573223490946 0.2053643426808318 0.27294695859879603 0.28969147410661367 0.25379666491716724 0.20478267981598752 0.21859799120582224 0.21272718337932417 0.20852051194729992 0.22828455105251888 0.2410663823196313 0.23792451097600664 0.23016468810421886 0.21400102349342576 0.19655409399294066 0.2159221813348522 0.21416487108327742 0.26664802641802376 0.2594829087038253 0.24765429648969484 0.24690676021432179 0.25891803648932976 0.19008019029479628 0.23528854080709716 0.2359344882776384 0.19770256249004192 0.2178094071326825 0.18348086577907352 0.16668535760514802 0.22974294583225086 0.24928837075739319 0.22732519553419328 0.21813937803754868 0.20113433302106098 0.20364609506199483 0.2207448320442903 0.2204816907637488 0.18079486177711623 0.19717338440005772 0.22872082577395803 0.188601108734186 0.24786242697697947 0.21379648316646993 0.26964249757233005 0.2309218349499913 0.2253618834971559 0.22621547661507957 0.23681667560426112 0.24792286723825163 0.2552181638930656 0.2586407118069156 0.22898494439786077 0.24276684210409383 0.24387236269449286 0.22791858497484263 0.2250128026581949 0.19527777129896284 0.22022260325758058 0.21466065988251948 0.2337444093204747 0.27665765116889085 0.2603744864486187 0.25369980864438657 0.24566658509477335 0.2765615812619453 0.23473962704173523 0.26283684106054583 0.2747419001693783 0.2650942250882442 0.23352241702583887 0.23332405463398653 0.2612874244198019 0.24739445045194075 0.28972589983199293 0.2649108065729995 0.2453775879883503 0.28528531093245146 0.281512109657709 0.23069033131056027 0.23360719046329803 0.2287780223398671 0.2733428435304901 0.2569398030476586 0.28334320073531616 0.2135166580365001 0.24011636864136532 0.20419131094033927 
0.2046882063553953 0.17580314714305 0.18183103839179482 0.0 0.19718165060275727 0.2176395877809223 0.14410023993703203 0.16946933630283423 0.24567216769579292 0.26662157391355934 0.21270877720994086 0.20946818597523031 0.24734563417489697 0.24982594505160027 0.23607500455397956 0.28870362483208967 0.31800148773227477 0.2912976450492426 0.28798486687823055 0.23768473901920695 0.2572703029520583 0.2047206632535732 0.23001084088272783 0.27270975265291486 0.26142193444087547 0.28347632357083763 0.260195387319361 0.2187562261023125 0.23827320827131893 0.26987305970968356 0.25381690271264024 0.28224691508006705 0.26835887073500464 0.28385088837542316 0.2883997831985299 0.27629300830060444 0.224855469138041 0.26584661966887424 0.2715527926866005 0.22495749624243255 0.2746975271763131 0.2522706800720148 0.20628434760591352 0.285471274866561 0.27557298547183207 0.2525018208757768 0.2772438744636462 0.22389581883684073 0.18029444557678997 0.24645798576613565 0.21616159565654602 0.2056016190384543 0.2101375532954649 0.2429855455859563 0.20621308328326404 0.18792313569802277 0.24089287756483846 0.28764105324448175 0.265049127729859 0.25016075471450405 0.25455985459912744 0.2722516081505326 0.26255415790465064 0.26653368639594566 0.28702475461767885 0.27727954870276483 0.3064989124757792 0.2688474223459675 0.24750726783222188 0.2454544501097392 0.2567387082591892 0.26003524018021473 0.2685885650654254 0.2633923608478924 0.2504044749480776 0.24864604725962747 0.2620732555251791 0.267788464457846 0.276333606063072 0.2780590189048676 0.30814046725242694 0.30116596899404113 0.21066429573608358 0.26850886224206694 0.21264322403010916 0.2808768127049107 0.25950808035895956 0.2928448241435414 0.2767071553402407 0.2939095711292844 0.2926040423937487 0.28700714400144933 0.2711303413878263 0.26693810482938696 0.26640478116993294 0.33129396789773424 0.28775885059773454 0.28705380854665463 0.28440107836952855 0.29425399107526307 0.24854951795073055 
0.25523063131556034 0.24993157349540274 0.2098086829394301 0.19718165060275727 0.0 0.15413694788375387 0.20644307139721263 0.15991003795006198 0.300482928486552 0.29783557371295155 0.27221456654143106 0.2403214809862675 0.3030898602842155 0.28925104467863716 0.28113801069628686 0.2676117486457502 0.31768306646764 0.32573193777069565 0.30429501036792606 0.2873906417612837 0.2769551920541423 0.23315838949842504 0.24783482733807383 0.2891030985789662 0.2771061975422753 0.29672209174117314 0.27681550112151365 0.25229094734667457 0.2682638700262664 0.29623681367552124 0.27433442156312104 0.29068964773302597 0.2903898883032856 0.30917173999884484 0.3478905475440015 0.32411188907921007 0.24803078100335196 0.30047821057331825 0.2820315862095111 0.2652878608926502 0.31844065849982794 0.3037202616705883 0.2626319917371561 0.2884261721232456 0.2959437821180242 0.27218457771181404 0.289548416535529 0.2833860018742471 0.24658691786316744 0.2988155535637924 0.29629663164145026 0.2664401499571555 0.3037719240329595 0.2819355238568002 0.2490562607247767 0.29036589355894826 0.2693063920691354 0.30511335907772463 0.3041033622588777 0.26159327899691254 0.30738051386857157 0.31859436650698314 0.3189655601779915 0.3355247499552757 0.2961414348407102 0.29165655915771904 0.32555296567775127 0.31682435988842206 0.285652930010617 0.2716907584478401 0.27395325579023355 0.32123669423168133 0.2788958560770938 0.2923491516188783 0.28775012444897907 0.31565566289119185 0.3199579469770779 0.30675116369413924 0.2657852391949732 0.30625006416859435 0.29698434814541785 0.3031747747553134 0.22983362295573617 0.30074809747726317 0.2667563940880854 0.33135275473674497 0.27924213562663136 0.3174317477567733 0.2950982012788307 0.2869741442953391 0.3187905029042506 0.30166751921047574 0.31530446610805485 0.29784147687246876 0.28603527320543987 0.31124272566645095 0.3068339315518188 0.34184753717317307 0.29029336293170027 0.2947897732568787 0.2703456522920682 
0.2737741733832292 0.25077554657304735 0.20506180766684523 0.2176395877809223 0.15413694788375387 0.0 0.20386864451014153 0.20392232694085477 0.22010824204977486 0.26344494921288775 0.27400404921378163 0.2673905895320928 0.23989399428341984 0.2805764326833725 0.23347422343723634 0.2588126175263147 0.27075355161770354 0.2665814737770392 0.26016120901231565 0.24248014572145982 0.23394104843739472 0.21481750044556613 0.21711291798002685 0.2798003584431279 0.22879680922738543 0.29046511588935897 0.24333989029218195 0.24303464270363073 0.23091768398006918 0.256464919280466 0.23745851698358733 0.28684538938716697 0.25292598511240816 0.27466277733848643 0.31879021255429196 0.3121993682655412 0.23547123186751906 0.25086958454487907 0.2807207438624255 0.26897463507163155 0.26281562524620816 0.27774585715316913 0.22080047158375726 0.2817372389858721 0.3077995536651541 0.2545323540008222 0.26120993124194003 0.24397209760547234 0.22634008389730043 0.23673720604086423 0.2612541666394269 0.2453277746664294 0.274598668676042 0.2669880048409482 0.233364546553544 0.22993692044239755 0.27947711285707455 0.2888467020696699 0.27099035297963436 0.26271541395375 0.28884388788325044 0.30685734121805797 0.2925139221751466 0.31173685657434125 0.31820112958364777 0.29848226784346155 0.29751617082001836 0.2827157305552882 0.2727366744007249 0.27000367078325116 0.2768324868063372 0.3007013742733837 0.29203305055971995 0.2802946264962177 0.2919501027810073 0.3107902091103518 0.31138788671614936 0.3145626806624955 0.27671521007066424 0.25914071546250883 0.2969005841788487 0.2969750165154791 0.2413395063332462 0.28785323855795264 0.2569146682405239 0.28471896785457196 0.28532093444255924 0.29757716854447747 0.2969659352025268 0.2642923371001692 0.33847247611452846 0.33030156318023707 0.2922896343878675 0.3007011893970183 0.27838603212281987 0.34551072183868714 0.3066878064806483 0.3068569137430166 0.27109215912610696 0.2846100283239691 0.29052254084609275 
0.2071485398429711 0.1856686395846341 0.15797242444032533 0.14410023993703203 0.20644307139721263 0.20386864451014153 0.0 0.15130525980477338 0.19832779080622776 0.1919512211140747 0.17903033101304044 0.18543041750682943 0.18153554196786137 0.20223194594400207 0.22785680210914938 0.2305897347777559 0.2572578894740183 0.2800544036217396 0.2286077371070402 0.20268122164093894 0.1820126557849695 0.20394778877178443 0.19164071669828486 0.23382215509939042 0.2132098391794377 0.2388417577041928 0.21478227986351484 0.19985751617438363 0.19331514761870094 0.22711798562389118 0.2320599789477068 0.23354218868144994 0.25873295417257625 0.25861509793894044 0.24113895285453557 0.2589621970536625 0.204843537006537 0.26120773001514774 0.22062558276569944 0.21883056502539922 0.26361194508010877 0.20984820141688854 0.18002477171346676 0.23513964529742237 0.2587140695358656 0.2335784619254856 0.24764772864815132 0.2201493929017163 0.2046997734722683 0.23793615381737998 0.17617527104753583 0.21548925165453536 0.19815253742817862 0.20768508920503637 0.19709061308998832 0.18087054567304262 0.20228277419636553 0.2520098615777977 0.2606238257456165 0.2502045611114968 0.2421866647926475 0.24944995475099885 0.26328521161797724 0.2883836424827009 0.29599841819829076 0.24730707036535338 0.2967198419930397 0.2647452988097204 0.25099598801121925 0.2602169455079998 0.25398112525585836 0.2304118343350594 0.24716178642468078 0.23850318840311513 0.26831298594900665 0.24099969690529155 0.2733461114379342 0.2581817872059229 0.2745960265332412 0.24693312583474747 0.25422291411400333 0.2833757544603862 0.21309706120961258 0.22269615134939402 0.2220246121308488 0.2788473095531886 0.27090827612925217 0.2830095777951115 0.27267814683030767 0.2875109878183316 0.2958851165660412 0.31233376043627303 0.26360999166222643 0.2577146338333639 0.2753926253590815 0.3099631299040364 0.28747142346098453 0.27053682344892216 0.2863341211433832 0.26880616388644296 0.26023346657029267 
0.2810003229365605 0.2533363426479698 0.2457565269082247 0.16946933630283423 0.15991003795006198 0.20392232694085477 0.15130525980477338 0.0 0.23153681031723417 0.24047369599002266 0.21541931571985473 0.22526892190960068 0.23842102468962845 0.27724116444096714 0.26849470917348983 0.3045481344919593 0.36348759674234066 0.31605190316301524 0.3018029373772997 0.2622603599647584 0.2802887915152924 0.2549640696832127 0.24995038376196854 0.28267811123703934 0.2904721515133939 0.2920312361449102 0.2682985397037435 0.273404712953761 0.26850215656781906 0.30822508551458705 0.25876292158871306 0.27923048769376313 0.2926484817148426 0.32278117818081975 0.27972698600488 0.2868360978443839 0.2838689103730101 0.29560550186815937 0.30150064362410145 0.2919345453761729 0.28509949451581706 0.27628723368171815 0.22435291712501126 0.29237641600965514 0.2820671659730021 0.2781398386345627 0.28375026042409934 0.25431023357860716 0.23119976492970384 0.2928817124375732 0.24227004186947954 0.2518126141114989 0.24542545312049324 0.2727744694880988 0.22866774211474683 0.2289283338029534 0.26535259807622025 0.29852609917315265 0.2740134375385862 0.268840077131387 0.26462153781727515 0.2936779036824638 0.318702558108529 0.3152264057554348 0.30816476714246044 0.28505426108006693 0.3180421605833149 0.28971250113233815 0.2530814470151955 0.2864199121132195 0.2766229540037819 0.2924788101720639 0.2707709388180706 0.2722635020148946 0.2697064821829527 0.287211471690091 0.28790313378146126 0.2822639153978541 0.25196680016482775 0.2841961685158664 0.29496344447732437 0.296379168825026 0.19755487346915102 0.2804490440013344 0.25817131746934097 0.3359801783769827 0.28959866048914085 0.30805280039948946 0.3027959254731908 0.3084518772370921 0.3162266231837402 0.32210798328579615 0.3184239289913996 0.30682092039513276 0.29143798655403674 0.3218356125851404 0.3091821998766413 0.3113991653797773 0.32183495155345987 0.3269550385112886 0.28811745559140267 
0.25304775670048485 0.2701723891618595 0.19232329814477145 0.24567216769579292 0.300482928486552 0.22010824204977486 0.19832779080622776 0.23153681031723417 0.0 0.16707659131129182 0.19051478704201819 0.172162868088512 0.15566577626237688 0.22997450784332485 0.23355763712524436 0.2593849010678949 0.2604455087020834 0.2117441182956229 0.22981195910602614 0.1918114387142119 0.1997261471044598 0.18083454781680064 0.13595742446281522 0.24851298692231072 0.22523550283583094 0.25931756897504876 0.25657228119789277 0.24174100005858656 0.21785439129384687 0.22391619625101333 0.2032817568765346 0.2732001979380799 0.21543002784231202 0.244312418865556 0.2181294119822229 0.2344693371468708 0.23254392654603673 0.22735653171258963 0.21950946689216444 0.20030222700033573 0.24501685732172085 0.19920280392976786 0.2067692602237784 0.22514924851867324 0.262024559362083 0.24496045384069987 0.25934277442059395 0.2294980156823243 0.20981003630655337 0.19758732592375405 0.19678852434123828 0.20428543214593142 0.2269188590329756 0.23122045278008851 0.1742732651124943 0.19906863845149458 0.21862755226919728 0.26713193507745336 0.23709492588662961 0.24020801356908017 0.24401184249835783 0.2501107569779495 0.2529641730369563 0.26874351770189375 0.2960340453084912 0.23843720564496473 0.2566109377999012 0.25535688254030453 0.25639397572391986 0.21916999278763605 0.24040379827488123 0.237643632029375 0.24705788316729638 0.2527268657135816 0.3017289922407993 0.27996370884936506 0.2580237813260431 0.2701525641254786 0.28070711590930386 0.25418779281377313 0.2754404112688178 0.2888449863693411 0.2674942529772053 0.24444459787805872 0.25968884346323096 0.2741158735467657 0.2559537906975592 0.29672459534022877 0.24935341507149722 0.25699880212878856 0.31685127934465906 0.3051187795500312 0.2533987975176831 0.27774760749509597 0.2689970376060137 0.306520655169631 0.2859177860211546 0.26491960695270367 0.26871383014200423 0.2924739230467258 0.24900901419581367 
0.2804922848841077 0.23729489472980392 0.22232365962235734 0.26662157391355934 0.29783557371295155 0.26344494921288775 0.1919512211140747 0.24047369599002266 0.16707659131129182 0.0 0.17966173918304917 0.15390143959219116 0.1577750027224687 0.15488737075317116 0.2023818603993809 0.22665360860944817 0.2593039462507081 0.22589608069377654 0.22882064076463682 0.2195483015782801 0.20466334362717842 0.20301667492894027 0.16961972591381846 0.24966820853337757 0.2226501562576193 0.23566098852373873 0.2657963093157566 0.24313421074101516 0.24263641975464723 0.25696986498495333 0.23865605127316247 0.2155543036545965 0.27254426463854864 0.2372756781430544 0.2063643181139544 0.21316756869760212 0.2121150163972484 0.21773727959014255 0.22612763952988002 0.1997038877452939 0.21905260496835288 0.18523477870663663 0.20347118942652287 0.2361525115467461 0.23811514590429061 0.20582437672530562 0.2691550663119636 0.2123971052482856 0.19562284697627175 0.21052027765410453 0.22018979733213517 0.21590594824981746 0.21730610411333573 0.25302644033874055 0.20653551638777778 0.19803430387116205 0.22104540753360713 0.19947457098773336 0.23605491443921478 0.23358643085039577 0.22309186126137082 0.21615978475501485 0.22625340213465905 0.21432461386742652 0.25356259841918405 0.1963571254974399 0.23699500325565848 0.2654571324595407 0.21142220270015966 0.2017238201623185 0.20203688828667288 0.22527660865019417 0.25093344128808037 0.22869250018306042 0.26619379224456985 0.26902044823275395 0.25727769936408507 0.228322271066283 0.2854885728493819 0.2260633189350857 0.1979593172975973 0.2546780209369347 0.21418084823492556 0.21431606059513753 0.2106234512734727 0.2300624727334878 0.24837186800070743 0.2370014643767926 0.17920333692043022 0.1803559644723648 0.2510650663951943 0.2482927607491049 0.21466344560505757 0.2309900770201504 0.2178804480735046 0.23967298817799076 0.2241398012970739 0.2191160841083477 0.26839365218818934 0.2724225287253762 0.24893272595414617 
0.2357432593753791 0.2307963719370022 0.17438342644542215 0.21270877720994086 0.27221456654143106 0.27400404921378163 0.17903033101304044 0.21541931571985473 0.19051478704201819 0.17966173918304917 0.0 0.14588608475020692 0.15504880754544093 0.20452764436804693 0.2243507353358729 0.23854887866528873 0.2741752815330927 0.22269740944383543 0.22383952410033336 0.17760311524705497 0.22460183073333695 0.19172699237699142 0.1969353175980112 0.2180678801221303 0.21063809784282417 0.24571994044434564 0.21818746479238182 0.19959152870024044 0.21300047435230374 0.20423174465753857 0.19737777977962845 0.23495020027602875 0.20317219065713088 0.22877516314059365 0.21417697894118748 0.24818659385313746 0.21101764624040076 0.20236142746279506 0.19027915398872153 0.17900826921260848 0.2134867887722347 0.1936479521099045 0.16032543697736235 0.2138623775817423 0.2595059022246543 0.2064592798809849 0.22738493804703874 0.18011933730973584 0.19303111044081922 0.23321518854648293 0.20311828835995205 0.18945394183424902 0.1752559137931331 0.21393381825075253 0.18245157058711559 0.1782414183033465 0.18583560180437209 0.22567040729632593 0.2116307953065938 0.19520621075137057 0.21515076829077173 0.21500035254402783 0.25044589574235343 0.2551979854586601 0.2617507058406333 0.2241744829004524 0.24248178482743532 0.21941436819895133 0.23100313223930302 0.21662920483441173 0.2079764839938223 0.20193136486517904 0.1951647741828897 0.20574565577003046 0.26463772714697165 0.2633319937066756 0.21180193123399038 0.24935959514176997 0.2687977827768766 0.23102768615415603 0.2701009936394517 0.26887237366830274 0.24705514957529284 0.23516406151458213 0.20801395236268827 0.2268110584383518 0.2216665189926521 0.24765822377497737 0.2626105821945751 0.2608877920438992 0.30241062019530995 0.242751362307977 0.23098515235198058 0.2508572279684963 0.19295351164848806 0.25514246010374153 0.23425358566155507 0.26074798741173955 0.248836318423309 0.2514906406403531 0.2164340126867904 
0.23160251376125107 0.2071550291124552 0.16091442866637307 0.20946818597523031 0.2403214809862675 0.2673905895320928 0.18543041750682943 0.22526892190960068 0.172162868088512 0.15390143959219116 0.14588608475020692 0.0 0.16621602400024194 0.1634996635849102 0.19224262869769582 0.24241381447194865 0.22922409506144092 0.22968912783139828 0.19791724258656096 0.19281888764441701 0.19592565631442882 0.19098804997258578 0.11167243369275193 0.23470362875421602 0.22563881363359362 0.2115915370009207 0.21261038864136494 0.20434921497379765 0.1768558414112651 0.15726807775162788 0.20059880719442302 0.24575879577636206 0.22911805254342643 0.19590690647768538 0.21023963285256309 0.20592258579800427 0.1708563216358291 0.22139954107016235 0.20817774015606516 0.14026746519901345 0.21465277991230658 0.1752452695132729 0.15960871967583923 0.2063652268246119 0.25320890173625343 0.20474535688056494 0.20322472665781033 0.20237056938565412 0.16670360626574254 0.23518179684779184 0.183563156758633 0.17792721297498004 0.1965769084892588 0.20783186033153556 0.16509844495023385 0.17853986660713095 0.19163111599760485 0.2361355932849507 0.2074230735609891 0.2343829817381743 0.17884784241039153 0.18132223791055335 0.20912323293252566 0.21200886661121854 0.21131407718788742 0.17878927266083056 0.2017805618986348 0.19834127542097668 0.21723720836734417 0.18012669716292629 0.19403166018342366 0.1904615959380277 0.17731017106866653 0.17895093517910843 0.22491748282905255 0.23052796684444632 0.2294319622022042 0.22133847745437263 0.22083133621104323 0.20949273184269324 0.21753724429558963 0.22826411039362682 0.2372837783777867 0.1774495253530024 0.18043561791203722 0.21876741646132736 0.20506206945672667 0.23577524222117063 0.191706131938568 0.21149496716915983 0.2713142701051413 0.25287767050897936 0.21668358297292234 0.2102709641407874 0.210505559913021 0.24175016564615814 0.23318188760911018 0.22844088860356193 0.2124844107237155 0.23874877731023414 0.17958397519351366 
0.27085849961991104 0.24654306690928562 0.20233340867309113 0.24734563417489697 0.3030898602842155 0.23989399428341984 0.18153554196786137 0.23842102468962845 0.15566577626237688 0.1577750027224687 0.15504880754544093 0.16621602400024194 0.0 0.15777409569251633 0.17956747945221585 0.2283413841441545 0.259683667649953 0.22706167481784945 0.17549370835458522 0.16039785959800756 0.17550388080822732 0.20699924611179799 0.1912428547978966 0.17984084949406365 0.18806016241525814 0.2008249148803991 0.23647632675621544 0.22806431350727774 0.18612162039795566 0.25639464659025857 0.1957407118133293 0.23289261926824878 0.18727691318839224 0.22215928946774133 0.1861140879603257 0.20176224539070498 0.21940173926312612 0.2119097612778047 0.18236938906171452 0.18860917739164462 0.2344670148427077 0.17945154185992906 0.21362036723850486 0.2102225684226574 0.24113117734407719 0.2227895718882127 0.24885186856164676 0.2189325604258493 0.22989709254228063 0.22925653948619895 0.21353992280164713 0.23445424609709353 0.2261900881194695 0.21942199169244558 0.19901972135315205 0.2431754983744695 0.20704074921348925 0.25686358845608703 0.24595751426103218 0.2699159277997518 0.21549531304095748 0.21864259957133858 0.21886235310973645 0.21609751537724597 0.290631662214098 0.2240228921948455 0.23588732966511683 0.24210866889681215 0.24598612645543083 0.2558203582762557 0.2509218259668523 0.25823615232350305 0.2580812147829651 0.2555784811522924 0.29602604100738117 0.3002422029316778 0.2751417648043477 0.27695747134933335 0.2940298421269779 0.277241771643591 0.24575684718563884 0.2659127529867443 0.2353001825175991 0.21333346767815686 0.2082657647977193 0.22919516929902906 0.30085302351688836 0.27354298715355996 0.27138591560356595 0.24035241780248517 0.31072806789092045 0.30061545937172807 0.24262349047843113 0.2400776847109507 0.26770690819117093 0.30261621692485297 0.26735973138049074 0.23424873791321388 0.26586790631961266 0.26822873112116496 0.25417991106765114 
0.26344049206743536 0.24792560716388123 0.1792432204859825 0.24982594505160027 0.28925104467863716 0.2805764326833725 0.20223194594400207 0.27724116444096714 0.22997450784332485 0.15488737075317116 0.20452764436804693 0.1634996635849102 0.15777409569251633 0.0 0.20506516181666068 0.20786555167053677 0.2652108546367431 0.26814157803850214 0.23027862773871544 0.19767542419733286 0.21295657707332272 0.22433694911366098 0.22695334724388438 0.22554322628590162 0.21468318981213996 0.20663175263687572 0.27126020469556344 0.272077570924387 0.21107743583649718 0.23899550915580636 0.22446053620942807 0.2576444076273513 0.2460430128872021 0.24939454358005242 0.22941493990537687 0.23380448850378666 0.22897287420083368 0.24417827175218254 0.22809470905802576 0.21299844142868662 0.21621083702959953 0.19829348593257978 0.23128588162757413 0.22896146701897646 0.25231268841506826 0.23515107792553624 0.2725508572689954 0.23318957353700054 0.21729297112658164 0.2415336716161326 0.26264014000010716 0.19798006741970497 0.21792898682717043 0.2389372409040974 0.23936683289183402 0.2500302101797759 0.25127027210393904 0.26736495702284946 0.24882461284951074 0.29462755412827546 0.20366274356425784 0.23280889333853538 0.2445155034337092 0.24210376167119563 0.2678884799139317 0.23620761163723003 0.21360646260754623 0.25152632122723284 0.25407127191160783 0.24902307477527752 0.2453804195422813 0.23151701572166383 0.2398753062541359 0.24993715354268264 0.2907408724490854 0.30079076314839814 0.2956590615478166 0.27972211903262456 0.2967925269927304 0.2519000317252028 0.2471467173200882 0.23593757478435629 0.22810929191984064 0.25523057156805773 0.2131557606284118 0.2130031636028591 0.2912103225617526 0.2695177816774478 0.24225858586850357 0.24383458891665244 0.23810688168980543 0.2686990294672248 0.23729500229960598 0.2271143944790881 0.24359791390781638 0.2768796507301011 0.25184163678132143 0.2800613434308665 0.26197414614608283 0.27020472344318813 0.23926021070576942 
0.2615683465980507 0.2603256194257204 0.23584573223490946 0.23607500455397956 0.28113801069628686 0.23347422343723634 0.22785680210914938 0.26849470917348983 0.23355763712524436 0.2023818603993809 0.2243507353358729 0.19224262869769582 0.17956747945221585 0.20506516181666068 0.0 0.1557464501792396 0.21275754860086893 0.13861183279799716 0.16664840849992701 0.1532562141147784 0.15188174929452902 0.1462980755959522 0.15073968092228685 0.16170261327932522 0.16353430807766034 0.20157120807719497 0.2038741813803503 0.19267859738194681 0.1830487007356938 0.1889580058184379 0.1863183534246151 0.21273605998749268 0.20025729371842793 0.18844695781684262 0.2092711743966652 0.19944364543516224 0.20078172269880057 0.1699384928463724 0.18561396847729483 0.1943071320596399 0.1804459502606368 0.20311191450438204 0.19325479450040473 0.21711196571949554 0.2541119295622519 0.18110766413138302 0.24964264210079556 0.228061149508772 0.18054544961573193 0.2501492509397879 0.21565490139025534 0.23397251257902385 0.23693515329880244 0.1871633189262608 0.2094627243756193 0.225118090591387 0.27403082942621937 0.23544940044534757 0.2570333756823219 0.2327324756404614 0.23055780254222702 0.21794245959089598 0.21551667587651324 0.25037683358677276 0.23765125283119837 0.19836877577704914 0.23469390046837946 0.24091137057630374 0.2533739488957669 0.23911394930074426 0.22384565604201767 0.23150620099825048 0.2629387877469258 0.23622478020551063 0.26283273409333996 0.2616090059353706 0.2562417814982194 0.2691174731011772 0.27304664226007813 0.2563563158554687 0.21469100241998484 0.24986940956667103 0.23456894601968925 0.2030035954538708 0.2066619887326705 0.2206641447722284 0.2341003542106329 0.23690237512339585 0.22183963219686686 0.24064292565325396 0.27981226717773444 0.27571799008661146 0.20181627414267433 0.22019825706115748 0.2645416484874249 0.25851588005804027 0.25837968675460643 0.22150246407466156 0.24621111163782738 0.2327184419038022 0.23061360167174783 
0.24850853314943233 0.2591069033895669 0.2053643426808318 0.28870362483208967 0.2676117486457502 0.2588126175263147 0.2305897347777559 0.3045481344919593 0.2593849010678949 0.22665360860944817 0.23854887866528873 0.24241381447194865 0.2283413841441545 0.20786555167053677 0.1557464501792396 0.0 0.18744519127705794 0.19633311909799256 0.20909343351663456 0.1882354984546286 0.2042694201011388 0.20927822600839407 0.19903911390638274 0.17171617544284945 0.22671594272277618 0.20695124875711668 0.25594617805166453 0.2121524571913368 0.221961762933492 0.23931802477778386 0.2283384217158817 0.18701934791446262 0.22539376337479244 0.19415051587245657 0.22196020305369013 0.26809499363191736 0.19327127730105764 0.2500761864394865 0.21006935019168715 0.21199105130467122 0.215691005313978 0.23701443505585507 0.22002586381887956 0.22323382820963278 0.21601813658648417 0.2252228178250114 0.244697659698362 0.21239029423132638 0.23879918859280447 0.2719460153513551 0.2451022727503689 0.21878451621941575 0.23922178678853567 0.23201362840437645 0.23645108767062883 0.22772756045305054 0.2609177227905718 0.24692836023983944 0.27800443258271823 0.27141779378134046 0.2355820562661627 0.23521179613135756 0.23784741394232334 0.2553445224219796 0.29522607174660775 0.2579757889503268 0.24853390079267612 0.26917413002313384 0.2396393276810792 0.2627168553496325 0.22784471137259998 0.2714111803792063 0.27056677534687 0.27003628943255287 0.26979301262941224 0.27919910757128963 0.2708867217954729 0.30159832329912095 0.3220738186114207 0.27441355012909185 0.2407500619221865 0.27365398916492656 0.22958701838564533 0.20652587533936773 0.21719344891159764 0.22144091700807267 0.2636943646278116 0.24798632898898532 0.21104900484137712 0.24055425534487218 0.266388124805235 0.2565901291134556 0.23836947052790813 0.22342281886713633 0.2558209250921789 0.2169070545252526 0.25240261701650035 0.24730244972275528 0.2635114601930749 0.23942656833830578 0.23343846319996975 
0.2723101897451532 0.32267386613032834 0.27294695859879603 0.31800148773227477 0.31768306646764 0.27075355161770354 0.2572578894740183 0.36348759674234066 0.2604455087020834 0.2593039462507081 0.2741752815330927 0.22922409506144092 0.259683667649953 0.2652108546367431 0.21275754860086893 0.18744519127705794 0.0 0.20786561048631924 0.23204742433353576 0.23358091449455165 0.23504065482155911 0.24657479374012203 0.17679398875569585 0.25465264645835817 0.24797427213782908 0.24756248586865948 0.29228173014209713 0.25889216994431763 0.22687974195962668 0.2289225468189955 0.2414185623063677 0.2853660116950987 0.26490036993386956 0.20699332490410416 0.26625666028883865 0.26078070881497417 0.22633211668752595 0.2194098603649801 0.2123707543353106 0.21275000369522878 0.27637910487149286 0.25305009297087844 0.2558700849109774 0.2460164192818458 0.29359340944319157 0.2566347089198402 0.30351423882063133 0.2677059262052107 0.27392878694121725 0.27452838405233115 0.2600452354506174 0.26996332807141854 0.2800467842240374 0.2389087186121729 0.24464154200682953 0.22556998972363884 0.26479417897797675 0.25678264828287667 0.3029314974326055 0.28497769579906085 0.2921297063287689 0.2779585424844879 0.24972331264050918 0.29739733561753334 0.30159503315640657 0.2618976933481345 0.25993273657106697 0.2951706459805269 0.29884198730268685 0.28461177860674247 0.2541071659670876 0.28892780260940787 0.31714148756632543 0.30655880400406976 0.31771372494099004 0.3196992707925359 0.30688339957844024 0.33811629228927353 0.3432787501530621 0.3097914027627572 0.2763155497322344 0.3070880094566365 0.30400173916404916 0.25642780784812813 0.258530696508375 0.24031255568430776 0.28237547279535513 0.2726498755360237 0.2549743462865286 0.2681239464022621 0.31487021250768144 0.31005929947314437 0.23405083946489214 0.25072562450987834 0.27179007888073226 0.27100646918050664 0.3108896075706651 0.28765339698590864 0.30366676471643406 0.23812607478596304 0.2646783930350137 
0.28720930536462064 0.30837079399084555 0.28969147410661367 0.2912976450492426 0.32573193777069565 0.2665814737770392 0.2800544036217396 0.31605190316301524 0.2117441182956229 0.22589608069377654 0.22269740944383543 0.22968912783139828 0.22706167481784945 0.26814157803850214 0.13861183279799716 0.19633311909799256 0.20786561048631924 0.0 0.20346424306198674 0.15776766798281217 0.20960904634486344 0.20400512770587598 0.18797296212587566 0.18650714417402603 0.19840121949165168 0.22069114341557972 0.26234337597577984 0.26044226055433817 0.21772378757023836 0.22894272274853356 0.2180881716030193 0.2253391516978286 0.148513059026539 0.24673070561494337 0.22012551168892225 0.2612714499688532 0.18043116277152638 0.1719197659040661 0.1858662847439192 0.2133250320463036 0.2026037525477924 0.2620067000902464 0.24619443628754867 0.2603764044499651 0.2582996908252947 0.22057346898168662 0.26068190708017147 0.2116020889003395 0.255584661747578 0.2535756322899634 0.2508976434384348 0.22947099653577785 0.26411815454901 0.23370251814896514 0.2303205036781898 0.20210366420496795 0.25448414330472235 0.2105455470219425 0.28698027324264497 0.26852831753852857 0.2254123057678118 0.26219493170647057 0.23658922455942066 0.28431253801598433 0.26815193347892885 0.2638336279788507 0.27575310680587806 0.24671316139553168 0.2868152441512658 0.2853608863838849 0.25443724407377455 0.26145259997868275 0.27993318208691564 0.2670383634497763 0.29656125968980684 0.27904445314635085 0.26354216607822734 0.2968782802846489 0.3185016852901361 0.2911624894777215 0.2727069980554063 0.2659936460969694 0.2569541588430191 0.2476704140554129 0.23317482755061336 0.21686546719596123 0.27611080295419155 0.2835475877522866 0.23374072302493698 0.21972982796483487 0.2721889436093461 0.24531534042035008 0.251922147701111 0.2619816619613826 0.2830854382462 0.2560634716996104 0.25533179110289583 0.265665432110856 0.2870222005120452 0.2731996591040998 0.2709478108243234 
0.24031980414030996 0.2832047670475999 0.25379666491716724 0.28798486687823055 0.30429501036792606 0.26016120901231565 0.2286077371070402 0.3018029373772997 0.22981195910602614 0.22882064076463682 0.22383952410033336 0.19791724258656096 0.17549370835458522 0.23027862773871544 0.16664840849992701 0.20909343351663456 0.23204742433353576 0.20346424306198674 0.0 0.14553531606517855 0.1746819754990665 0.15194336645400053 0.1809107485900734 0.20087193791808233 0.18998485664625453 0.19754627434115024 0.23084135573557474 0.2180944263658685 0.14327473339286934 0.1991796679646185 0.20226110050690138 0.17624174301817008 0.20065021233643343 0.14418741262949253 0.21547044015246453 0.22249283471377468 0.18142961577815786 0.19976082183195876 0.17311348735443044 0.20023316806193514 0.21399118908572734 0.19935364214494855 0.2063895555196248 0.20100866016594565 0.22709748941964614 0.19995287273236617 0.24659617827620817 0.22887194548792633 0.23474401402109857 0.2426596332037788 0.22690997849611594 0.20313419187596593 0.2487252565217093 0.199371239359602 0.19305276471218225 0.23413477855434472 0.264091159845082 0.23389586062060286 0.2689200531286149 0.2457144123560434 0.24021752331306423 0.21762052586577296 0.2547705535661924 0.2527865262482143 0.23138015754447527 0.22162557767622704 0.2305677123946871 0.25895828459090653 0.23255624646281547 0.23875715237666362 0.26386326584596764 0.2271342042104758 0.2719472739432779 0.2449891599006082 0.28463877210943966 0.25695533054337505 0.27950458882047013 0.26677387332103364 0.28224732174186185 0.2408549126028825 0.23280912833830614 0.2609881282559904 0.24316170954742689 0.22822066038651656 0.20087034884533173 0.2280095024307155 0.28819257651181696 0.24621978589904525 0.2310138174068448 0.25680333753766793 0.2680760118400486 0.28238260668299386 0.2461274039845559 0.2297375066661539 0.25735801081290866 0.2477977355441614 0.28643013572872134 0.24425199665033737 0.2550035403839028 0.24531383711424948 0.2439520562412879 
0.24962369978847654 0.24693574632577764 0.20478267981598752 0.23768473901920695 0.2873906417612837 0.24248014572145982 0.20268122164093894 0.2622603599647584 0.1918114387142119 0.2195483015782801 0.17760311524705497 0.19281888764441701 0.16039785959800756 0.19767542419733286 0.1532562141147784 0.1882354984546286 0.23358091449455165 0.15776766798281217 0.14553531606517855 0.0 0.15642939435996794 0.14945982337230979 0.17071248233687952 0.17532040213703393 0.17865415541517626 0.20314230566966973 0.2497062872976047 0.20340581592763185 0.15713747991604354 0.20850275540089613 0.19584407300568496 0.18089795232951222 0.1272546908782033 0.19173199399490115 0.18936709297149334 0.22461673286208095 0.17538696758782035 0.1907991809503441 0.185277688601035 0.17645119831959888 0.1675306823753524 0.18935691586619496 0.17236351826762286 0.200843009385964 0.2226540811256218 0.18559398533913396 0.23800244580818564 0.19315114559582935 0.2028947123414535 0.2211305651353661 0.24117792531065296 0.19846393880166624 0.21496713543754764 0.20378977267752574 0.17860373615832403 0.20088067896049278 0.21135556228130914 0.21762840760144964 0.2459559442178213 0.23033264775701534 0.20336633858886632 0.18635145653169105 0.2366819343848673 0.25139424437512015 0.2333547360377306 0.22919110529809084 0.2329449644335524 0.24896324053134822 0.22884435834781514 0.2539506195148554 0.19996922856366306 0.2102713058176996 0.2780586345355175 0.24293621576460744 0.28820296457822203 0.26464142971311444 0.246988523069393 0.3010164819199799 0.2898775425727309 0.251818203769797 0.23998380111817608 0.2413362572916986 0.24338408268466116 0.21157975657528538 0.19480513965801427 0.18292332748108842 0.28331397763412747 0.24656201473968575 0.22334202722169294 0.25030499160211905 0.26074382502787263 0.23655494838403412 0.23492733967994228 0.24396686278017143 0.2823029405928932 0.23037019282870375 0.2235006279237498 0.22417061242073388 0.2286774160838343 0.22793170628122783 0.2250757249386356 
