0.0 0.21254649643728463 0.24221145995440052 0.2470239543149888 0.2308293743943478 0.24218648000416032 0.23700271763087966 0.2273152656835108 0.2600774433707982 0.2513164586311072 0.30952543801066523 0.3103322915797866 0.2859468219591432 0.30093662549768463 0.27385053629154454 0.27245506698839794 0.3165806617581227 0.32574595609679247 0.30356550879804056 0.29717658695706595 0.32495354367563767 0.3036773205195472 0.30642158565180144 0.3051935977948068 0.3167772797635381 0.2719731026638653 0.31817586313196855 0.267355145965244 0.27969383466865194 0.2906546144550489 0.31384538986948163 0.28173427243962956 0.3007782072130779 0.3006041533285797 0.299074047150648 0.318200841636345 0.3109519537198112 0.30151389780175053 0.29237545719376123 0.328801405953276 0.294350107988417 0.2865822345639232 0.3126537438152509 0.2750995486605804 0.29048685031636445 0.2834348024997191 0.2729671893223482 0.29529843836859937 0.3041124039381422 0.2956285911951657 0.27541929345388916 0.27066743259273807 0.26313905581724284 0.2640397892077161 0.24931195972938125 0.24909052817992627 0.27459134574253674 0.27635389808851785 0.280505848139078 0.2934144162975608 0.33816219548486603 0.30395596931129176 0.288844633913624 0.2652332473037894 0.25267170155658547 0.26225202313166507 0.3115109672503448 0.30911552699854905 0.2183246781995577 0.3108440092097834 0.2644617334516465 0.2855445964818071 0.30221484324212744 0.26155125135644963 0.3124931885451937 0.2700560280339328 0.29624195688972776 0.3115362394782374 0.28528142144965507 0.3067439384919688 0.3218992908450562 0.302887249096234 0.2994553478246105 0.2887219581120102 0.27796551710092865 0.2677550998980872 0.2750527066220745 0.28101119330918123 0.2866061049555665 0.3164574846657692 0.2810776774362014 0.25478296158183145 0.24615232269052345 0.28136113072294433 0.29566084317755625 0.2852028272756929 0.28550744247345505 0.3049935407050153 0.27104964846371515 0.2867882261978322 0.2671183365865579 
0.21254649643728463 0.0 0.21437643117405336 0.22571900204570283 0.24007776179494666 0.21095536798463255 0.21968872010126017 0.2527256336455741 0.2592241024920455 0.22353420212337582 0.27308860269397583 0.26580020497336776 0.25658130172508786 0.31530161491081277 0.2484397699416998 0.2718684153971517 0.29069158267434925 0.2937602174979411 0.2902247327601669 0.2823470041926073 0.35414274740308604 0.30622205218420695 0.2550880935334172 0.31707759577240935 0.2987928622782734 0.2876604172164168 0.3134030498493018 0.28646339607623394 0.3121836315019929 0.2660663733280222 0.3196354036314999 0.2941295258792669 0.3224913283898516 0.2787716763838719 0.31672497792598586 0.3295907797248181 0.3258857073763596 0.31090837989342135 0.29682717795262425 0.32518210414944415 0.2861939669930006 0.282894631902601 0.3083359830974509 0.2772577904879543 0.30576387424286233 0.3083681968156291 0.2920389962930834 0.30862601468877526 0.3198985333375609 0.30128475278596445 0.27830747415131896 0.2779588331487358 0.279876944615312 0.27877329366256554 0.2957660522047004 0.2969050205679655 0.2887148014382813 0.2946765569301565 0.2878216653199721 0.3029742368829258 0.31547954677892276 0.3087102781690675 0.25584290886904015 0.25554599495702757 0.2831569613016074 0.2617262751422008 0.3113651270878034 0.2971845348055293 0.2689032904587153 0.2805449108482311 0.2923100058472903 0.2747076648104293 0.30348193823086445 0.30420861235897334 0.2977562666288174 0.32278654974113263 0.2834464749832668 0.30923239423563875 0.29478106352858735 0.29659573660853256 0.2897734753977531 0.3013578442813637 0.2892637125447285 0.29731373847129206 0.30700386110221944 0.3060171431835136 0.2995175383365447 0.3071667236300679 0.3159350022076036 0.29848321659869104 0.26251483569831313 0.30757891748113275 0.29399800813144106 0.2887122797498396 0.3043230041917785 0.31751508655967375 0.30457346243282035 0.32355703561866234 0.3105539890044787 0.3340936100679055 0.31345055536416633 
0.24221145995440052 0.21437643117405336 0.0 0.14027925463218027 0.20246926085084804 0.2084116654082141 0.2364226273181721 0.2554085280618651 0.23190044174504332 0.2625613371809903 0.274853408852057 0.2521121502604282 0.28798036166902385 0.2838747360236551 0.26869995662969437 0.28703296084245733 0.28075942476018545 0.2919920005051827 0.2645228182919366 0.2741995136265387 0.3088166610813641 0.2875177141103581 0.25093111307954885 0.27228075754408443 0.32648983291157374 0.2858786412265305 0.30224907412540647 0.30572810820886454 0.2822078794756955 0.31312691216620914 0.29058903426141447 0.33098581087050805 0.297208704598766 0.31742924146246865 0.3039618491846795 0.3172568763222333 0.31921556795027894 0.2970058124079077 0.2927565964779707 0.3285932986311717 0.3269700203151551 0.28644693875843297 0.2962945886770644 0.30250791870990756 0.3172468351762685 0.2682961905156115 0.29947882547622906 0.2638382913015547 0.27153742776002665 0.2878617151032745 0.2695185980978231 0.28748403963472036 0.2734010543187384 0.27823499435530596 0.27833536516210045 0.26517681591114695 0.31062164363025335 0.2688362435264623 0.2723524162997105 0.26304303996757283 0.31972425842324215 0.28027739578948374 0.24744229790864702 0.29737115611939957 0.2719697571414975 0.25266593314475605 0.31054633068751436 0.2655509096411104 0.27621666099471753 0.27468629731342686 0.27472804068395706 0.26506312589677516 0.2581629939869011 0.29273718170280427 0.27988766659478814 0.3038939136640417 0.2723253234526789 0.294556686935879 0.27227691462667425 0.32229372839033055 0.25762061405916703 0.28521798709647994 0.27602424132262515 0.2877614779693616 0.30389404620262717 0.2530768226552145 0.30956959830509945 0.2743108071860665 0.3019171543403063 0.31928090779643514 0.2506934405549055 0.2510213841923934 0.30009995545507984 0.3037327444260304 0.2979216191943628 0.27955450028075146 0.25633026268658277 0.2941209219986929 0.2535372413517669 0.27930998028262843 0.2825362946029176 
0.2470239543149888 0.22571900204570283 0.14027925463218027 0.0 0.13737155625619835 0.17388958709293 0.21219043615780886 0.23267555250091587 0.1951661374847936 0.2446262089543173 0.26064637107435007 0.21833570118149015 0.29185769332743616 0.2841328865374201 0.28434138188774283 0.29207270507482863 0.28030348340584765 0.28950098225808096 0.2546704389205382 0.25970738846087804 0.2991827156751138 0.23471553022454417 0.24660073212710876 0.25663602448801615 0.29463793073587297 0.28516632766578776 0.2670270510073769 0.27966177291188254 0.29147516199101586 0.2852182426990024 0.2829256271504218 0.30024937324011536 0.27235209330355803 0.3212344982158979 0.2720124794648453 0.298082321054848 0.2909400161219836 0.2655241256232691 0.2789110311155447 0.2937793569587994 0.2748793655683832 0.2700992976207638 0.2505446980191137 0.26791579780108876 0.27219065230665596 0.28819621880812984 0.28570751509775916 0.221659220177164 0.2588293607438108 0.2447354579145561 0.23849010948534144 0.269448991277056 0.2382868975869601 0.28955031285239563 0.25484403943069933 0.25738578034320714 0.2659229257605785 0.26504548066617817 0.2465391724504682 0.287535900318753 0.286094188255841 0.26832491837119843 0.23697832133229257 0.269887038207102 0.26823437833402886 0.25251791771587506 0.2649034964634239 0.27268025474592883 0.23852020924007533 0.2552579793969241 0.24943986799882545 0.24714836024745046 0.24896419389607172 0.24394399111508025 0.23092326220546622 0.26173625630836717 0.2455442543170796 0.2576594093055038 0.2747304393391923 0.2899302843888836 0.2789951983597406 0.27412426586764604 0.2866043910121089 0.2357581848456307 0.30398810678853316 0.26195211463575596 0.2619245566849545 0.23884079504324185 0.26022444889756413 0.3121336818664143 0.26128018307269507 0.2520126667715592 0.28561692834916774 0.25415099413504905 0.2927577777264846 0.2783333127517448 0.25659708540692083 0.2537824444848742 0.2535513689177661 0.25481504289429335 0.270870300486331 
0.2308293743943478 0.24007776179494666 0.20246926085084804 0.13737155625619835 0.0 0.20300590092944726 0.1924899498948982 0.19128520462553966 0.1942281831216196 0.24009994033127413 0.2577442825175942 0.24969452572362916 0.24669585601538357 0.23029099789775132 0.27376126284943625 0.2701128471993719 0.24808060459533932 0.2533950935274373 0.24950965562921001 0.2434657042691507 0.30541730858016325 0.24362375089065025 0.24126279611737345 0.2555223100151742 0.27512256242298416 0.25935740826280707 0.2605910464383645 0.2656250140662353 0.28070059857806395 0.26763836339995606 0.28719522863056557 0.25183089890006016 0.270215499239741 0.26870651376781585 0.2737916171175916 0.29639679428225185 0.23432696005394849 0.23891570672219564 0.24269586034022117 0.2784004879655131 0.2525985000499521 0.2972481111560492 0.23712379576169051 0.25734707778653987 0.2690259880110145 0.2522258186514946 0.22526269157197565 0.26200275412583485 0.26103504894754304 0.24703501287399432 0.24274383924273746 0.22148408223146687 0.2398582769218427 0.229881943111939 0.22940022641062185 0.2281546587041009 0.2575531439435089 0.22208119165777807 0.23126847854325439 0.23819044690344726 0.25177963944490866 0.25813779918863267 0.20934857707066057 0.27688942430942876 0.26683901687334155 0.23436609436824307 0.2513039971091835 0.2462650014738219 0.20213157201205179 0.23667659966715615 0.24137443527107616 0.22842786320710662 0.2203935973076181 0.2600390433206663 0.25769108081492664 0.25901737565118144 0.2770247937087652 0.2376176792206004 0.2244774795742862 0.23647812020044712 0.26121825196277204 0.24728727956701213 0.2983510248390365 0.29443737220558264 0.29279257344038867 0.22713283547054153 0.2510206448554775 0.2462931734212268 0.2744844238856571 0.2681402945598035 0.2459489520367879 0.23343637514814963 0.28218011524274267 0.2610144986834172 0.29252283868808693 0.25818072169991524 0.2572196288018377 0.24606324633881682 0.24854346223612211 0.2719394079308486 0.22457096150863887 
0.24218648000416032 0.21095536798463255 0.2084116654082141 0.17388958709293 0.20300590092944726 0.0 0.12934104850782768 0.1874698668392838 0.2111879814505948 0.20831751389393238 0.2662843248889629 0.23727327291714406 0.24501692619578042 0.2543810292244789 0.23389567942134537 0.2539069337455637 0.27112283097389167 0.2985320236519058 0.2679749576793412 0.2829976593236373 0.2970558862478976 0.2704786262651856 0.28011138286134873 0.26794038011072563 0.31645421181792077 0.2591666286059271 0.27917392834667576 0.27726515677173136 0.2808069850530621 0.2726459297388901 0.2977164690032389 0.23400719599032893 0.2883282149307361 0.2597924725890288 0.2813313688908571 0.29470846367868486 0.2980350805592338 0.2574789896326073 0.2705277557461203 0.3201583330087021 0.26296999697016676 0.26026975023280596 0.2971707157870028 0.26632449962821136 0.298311788637481 0.2903943035624873 0.26024901838420833 0.26296244663256396 0.2603471345746444 0.2602224270470841 0.26704592769118507 0.23937007737233906 0.2802887762156948 0.2787571064272798 0.2597742847500065 0.2535089058985891 0.2978684087785637 0.25765649793536516 0.27625603250030595 0.2662021325721906 0.3081626829534201 0.2779783808422952 0.23738854233002427 0.2544524840693849 0.2208954667047528 0.24348451703664797 0.2754159146160101 0.2819377775844656 0.22879195753646153 0.28200711670606815 0.26448971887182327 0.26386398873751216 0.2557287098885096 0.25424933397989313 0.27579715196671506 0.2641090324886496 0.2684575886367544 0.2844087825714461 0.26938832521628664 0.2969744189139334 0.28007952078256315 0.2810249790763033 0.25855765340029513 0.2925555526123452 0.2791538430426982 0.2865484853317021 0.2875968825399797 0.28206673055679166 0.3085275776482347 0.2935545267784705 0.2663772278422847 0.29762698085171735 0.2474410277423723 0.2974069514956299 0.2986766735746258 0.28027275275858077 0.2808067389494072 0.2863638483702071 0.2505019487824638 0.2939617835527013 0.2745732129022961 
0.23700271763087966 0.21968872010126017 0.2364226273181721 0.21219043615780886 0.1924899498948982 0.12934104850782768 0.0 0.1260442784833874 0.16420854755941705 0.21377498701523123 0.22847081480717324 0.19124083244703183 0.2171703188276891 0.214792377563211 0.1952020935960258 0.19769940739667535 0.26511110568576934 0.26466662690154175 0.23756535780736265 0.2534825429754204 0.28699095141763686 0.2762254170860867 0.23595307914199082 0.261870376993938 0.29958585126039805 0.2237149107389591 0.2746314036775661 0.250053152828156 0.2628375989145889 0.2550743755239743 0.30055123195466527 0.22952911331399106 0.24958301194861043 0.23692912400299138 0.2524174380163823 0.2802118613291287 0.2653554086326211 0.27082164454066715 0.2594296327319402 0.29201311141663133 0.24978977064391417 0.267541561182866 0.25005966627187004 0.2150034088755659 0.2689470072232586 0.267732596426562 0.2631828810781358 0.2877782872070913 0.26394394626117756 0.24535221390527617 0.25323669577128105 0.2354518955515993 0.2511989299278392 0.2553484591879951 0.26220619700543646 0.24336495251048007 0.24324625347380846 0.20649485175869808 0.2392653941957783 0.2516729425584706 0.2858780964062687 0.2360172836333677 0.25390405128332394 0.24162244286264623 0.2078128231748566 0.2182344626238839 0.28796941771997764 0.2538405194193255 0.18924250912283613 0.266716940901669 0.2552236048033216 0.2427476585192987 0.22194637658024308 0.25120852227980905 0.26294977072466186 0.2635062809194407 0.29139644999200687 0.2566614652611867 0.24958047829372632 0.2750737425400891 0.27469016768341925 0.24565481676145495 0.2492411919344606 0.2414008908829366 0.24533344665395096 0.25308479100155956 0.26990789181980723 0.23167215997410495 0.2570995807758151 0.26473375825599654 0.20495479941991346 0.2550651857662999 0.23656253153308937 0.2535496305011872 0.252617392122361 0.2527173078585834 0.24404611914321117 0.2937374109553095 0.25394975455064295 0.27129669602027073 0.2505935890965023 
0.2273152656835108 0.2527256336455741 0.2554085280618651 0.23267555250091587 0.19128520462553966 0.1874698668392838 0.1260442784833874 0.0 0.18860020941122602 0.19662873567641515 0.21508688554842048 0.200123558636482 0.20287678202094495 0.24257621332415913 0.1973655632221888 0.22085493962616531 0.24658258080091355 0.278686442106718 0.2791221179171204 0.2562968531275639 0.29592274028828536 0.2521097823245073 0.2633212141963993 0.27858786610347896 0.2917831819202775 0.2333256005954325 0.29493612923963397 0.2754888999628319 0.25227157384540777 0.25108162976307413 0.27569442897696894 0.2406650913977525 0.2777872559009038 0.2651293407850033 0.29189138340724174 0.27369357833206565 0.3111199876594668 0.26328599535426755 0.27697878022001776 0.3098748016153138 0.2466268321037446 0.24680599427813255 0.2541005421566529 0.2763669387146994 0.26772964172666225 0.24881790346914223 0.25732932009135545 0.2783971004198952 0.2797729528942321 0.2658685270103497 0.22849636479258595 0.2362514897672333 0.27005869709513575 0.2588748295668559 0.26405849436047246 0.25127183668958675 0.2605674089789791 0.25103999386106934 0.24588353614773495 0.2493409432818161 0.2794908714034512 0.26125083996808307 0.237303259437445 0.2556506743290443 0.2158816554781412 0.2188344452043055 0.28004658726214227 0.24900154236260874 0.22960829320458087 0.27140721724330785 0.2607997663613022 0.25438509669208487 0.2165888719345367 0.24986363755919172 0.2381107279022956 0.24982533863606027 0.2884720909103269 0.2837354434942674 0.2448862459679516 0.2627388232724015 0.2566837872012373 0.2853761891724591 0.25132551449214746 0.26682147723918104 0.23053324540856568 0.22748542463412136 0.2775485481707196 0.26598239244962807 0.3025255876459674 0.25930332267742884 0.23883277469681774 0.26008966349348384 0.251505166431335 0.2613724203418134 0.2462962189061263 0.2592344846740241 0.24540206980802082 0.30603006667130994 0.2757634231135552 0.2587617086004229 0.23761131919393397 
0.2600774433707982 0.2592241024920455 0.23190044174504332 0.1951661374847936 0.1942281831216196 0.2111879814505948 0.16420854755941705 0.18860020941122602 0.0 0.1863294786808093 0.19146910687673058 0.2112014800614419 0.21736267775219564 0.21822571703445515 0.21153975408081938 0.22362341838435795 0.2610520925151266 0.24074899308198638 0.2577871306126569 0.22575637616518007 0.2847926260968885 0.24316044367368328 0.22776305012097753 0.21282535716269102 0.26462787657066267 0.2787021186198708 0.267970009496583 0.2717495094002388 0.25943925484978425 0.27338388942870107 0.27674933209300956 0.28719153329598524 0.2465429209866148 0.2863487689944021 0.25306127412594537 0.27220033991497006 0.25556225008748334 0.24246023798733896 0.23795672164658144 0.27455873303088585 0.26760127119012966 0.2732692035325176 0.21234756052205928 0.24232823533928327 0.23061368823611195 0.22756715948767137 0.22444002891777137 0.2716617320488768 0.2674577865705382 0.2289046166369958 0.23100506028024337 0.2273954062204152 0.2246430117458993 0.2291531487693813 0.20993499125763482 0.23295575898848075 0.2167559886645568 0.18316511705249705 0.19846969931182223 0.22098329010020423 0.2194594807622906 0.23822496574911722 0.1985853832503186 0.23275002401329958 0.2518750392110396 0.22495816219602627 0.24466598795117933 0.2324560473249525 0.19445921375954556 0.22517031340705085 0.23706056068396963 0.23693625187798617 0.24946125312360212 0.2292856992773571 0.22457770617111084 0.2139149629856516 0.2656070193648157 0.25279230427008037 0.20814007183180938 0.2542747519191644 0.2527536532733654 0.25881523618429403 0.2841279824634607 0.2400589303304359 0.28239373008856106 0.22455155784938097 0.24072047403048946 0.22394343778865144 0.27433764208209965 0.23977418406605744 0.2325241118171737 0.24446810036856337 0.24020116410440073 0.22812206182423678 0.26205850218752347 0.26728376766258966 0.2255870149615068 0.2755487011374854 0.23007762708954116 0.25250745075000613 0.23622531660763413 
0.2513164586311072 0.22353420212337582 0.2625613371809903 0.2446262089543173 0.24009994033127413 0.20831751389393238 0.21377498701523123 0.19662873567641515 0.1863294786808093 0.0 0.20527850668631353 0.20639871054409964 0.21798704269302727 0.2232503324144287 0.22573010303820495 0.21987966122406066 0.2715451094914286 0.2642887664047475 0.23733736096014535 0.2406995678082976 0.2960548088958973 0.24903513829027535 0.2789332619813717 0.27563590043916275 0.26883772278681206 0.22672078192856804 0.26976656449054104 0.2572869430612055 0.2615196539459137 0.2539445914821503 0.3141941065346546 0.2694709661524275 0.25909794028976196 0.2705941409536441 0.2772297978695425 0.2828096596428068 0.26850519295877995 0.26855269158650463 0.25055815385830105 0.30559623805500014 0.2705778046860253 0.22964350934541744 0.2776445361235683 0.23499711463624107 0.2745883691297253 0.2502937306107872 0.24713337900690902 0.26682780322553556 0.2695073679685607 0.2746192177007335 0.25963050182592684 0.24986394242822096 0.26650409957673704 0.24486196272493155 0.2648648855330059 0.24555280300227889 0.22831862903596611 0.24024412171401566 0.23750837910124878 0.2703306904849785 0.2672342564611676 0.2677161943952028 0.2312596941423849 0.22426942101195202 0.24037185229551816 0.22997493843233474 0.29236441541836244 0.27446567010482836 0.20848043812300687 0.25050719328540283 0.26032746860206724 0.29790968880516244 0.25803499340461544 0.2945173608524895 0.2616384072661667 0.2736583959019401 0.26175777162221114 0.27556890727897965 0.25673162070185374 0.28996590044488935 0.27734967188131365 0.28584073028739054 0.2623674871981697 0.28624407818515796 0.2545097689211282 0.24600788487763547 0.27109058969184785 0.2638524332914084 0.28463211203956784 0.2600034569874268 0.23176643088113114 0.2652057642299446 0.2413513674243425 0.2872721955828621 0.2579103441440338 0.2749749795590065 0.26341167834617407 0.28422832338528436 0.2794074840638925 0.269419972881508 0.24818967531730518 
0.30952543801066523 0.27308860269397583 0.274853408852057 0.26064637107435007 0.2577442825175942 0.2662843248889629 0.22847081480717324 0.21508688554842048 0.19146910687673058 0.20527850668631353 0.0 0.15739291256099197 0.23099521952795443 0.23991576221534838 0.22926480933750715 0.26537850208416114 0.2208472440659225 0.26676837634321693 0.23727588818646206 0.23543607828812463 0.2543540541843039 0.25437566541463996 0.2168852146129321 0.23135831324498535 0.25931536152514356 0.26211710041940217 0.2525698193806529 0.31468158472479235 0.276802747585126 0.2640110228285938 0.2559209073251071 0.2552698549858702 0.25925691998795397 0.2651056120490942 0.25609947142373 0.2645183962717267 0.29703208201979914 0.24887146646053404 0.24255016620896708 0.2923409944820471 0.3168320086418158 0.2751594355055236 0.28931918035679416 0.2967197922675532 0.2700531341759277 0.26664335670764217 0.2758517219546076 0.277800707842376 0.28475331775911605 0.27693393374353537 0.2911813554965901 0.29812397828622217 0.2625745854774254 0.2719820500211174 0.2667125839052844 0.2834541752557117 0.2756992542376535 0.2602387923246047 0.27254066123200105 0.2514207270909019 0.27776478232490764 0.2667619628315331 0.26132371239710106 0.27921210556842646 0.26035698884669356 0.23683117298936007 0.28248148861607536 0.25387813911608914 0.26276754920520284 0.25950328689238544 0.2716576017664254 0.270327279230119 0.2568426592450104 0.28061685982789697 0.273685625825809 0.2763126480976982 0.22542452496145315 0.26934801358835203 0.2668698986455098 0.2823501497826505 0.2738991361731816 0.2939272566258946 0.31573082598043845 0.2806513063870024 0.314655729105877 0.25449591617099443 0.2844373824247872 0.26791342089660763 0.29395578995901184 0.3063989680289657 0.2507419363721922 0.24755340086031352 0.2990840632262822 0.2950980259446119 0.26863462275830374 0.294817964591622 0.26882168466946565 0.2807015096212405 0.26277352718680436 0.28337186700638484 0.295164891797272 
0.3103322915797866 0.26580020497336776 0.2521121502604282 0.21833570118149015 0.24969452572362916 0.23727327291714406 0.19124083244703183 0.200123558636482 0.2112014800614419 0.20639871054409964 0.15739291256099197 0.0 0.1945584600876228 0.22101411821074513 0.23607457893660033 0.23899863391898257 0.23568216990489843 0.2740951380271761 0.2622251800456298 0.250616183936891 0.301136649386462 0.24078188320120308 0.2467310787292586 0.23671975250157318 0.29122771027487904 0.28579681799420475 0.26615130791419195 0.31445249523055563 0.2568760291916853 0.2694597771900581 0.2752509853750422 0.258316045929189 0.2850338243398044 0.2753553146058574 0.29458458051121794 0.26477929663832667 0.25193088646710526 0.2627000264845224 0.25880291023240676 0.3039448058963383 0.2894299931494345 0.2754722182707684 0.280188069873779 0.2628358197223568 0.2827673629937295 0.2807525844806301 0.297400543514693 0.26439531701703467 0.27079795035010035 0.268111025772636 0.264431541571029 0.2623813167672491 0.2504952845173458 0.28133751673268836 0.28317479312134564 0.2725833099876164 0.2713753162752992 0.25160798733463663 0.2761690232880333 0.27312166209463506 0.304317540542854 0.26070104328627053 0.24131004327367622 0.2501741984739271 0.2736124544578593 0.25256022340224993 0.2754142572336581 0.2612531103986139 0.2616033134734418 0.2670168173601454 0.269994264542296 0.2577781500027969 0.2454201570090625 0.2649653962058658 0.26879537047636537 0.284187362761646 0.26714686877065585 0.2800380158543625 0.2739082214209517 0.29433914160432484 0.2741655455136567 0.2773211722094957 0.31370161898264715 0.27507404285052783 0.3075138175350556 0.26030945906082015 0.2753352454138731 0.295456151874836 0.282566221679282 0.27553002143755234 0.25729760872946417 0.26134612745563623 0.28624661639889937 0.288540508978097 0.27406842936174547 0.28725053707000936 0.24745464731389089 0.27192996904057765 0.2829669090182355 0.2744190848463911 0.295412565653819 
0.2859468219591432 0.25658130172508786 0.28798036166902385 0.29185769332743616 0.24669585601538357 0.24501692619578042 0.2171703188276891 0.20287678202094495 0.21736267775219564 0.21798704269302727 0.23099521952795443 0.1945584600876228 0.0 0.17358984032866398 0.17188341973185062 0.20387177581950477 0.2564182199388595 0.24841242948824271 0.2578336602764638 0.22947442159814002 0.27010877353114826 0.27151526820853866 0.2550228707461053 0.26526135847806354 0.28049729855437266 0.22412363730013352 0.2583999026922338 0.24843479822929948 0.24249474705823437 0.23537110452555632 0.27145952065314116 0.23100016382160715 0.2670806075963912 0.2163153269847291 0.24868923569852597 0.2555693094557919 0.31083986741878866 0.26448554842548244 0.23525461672861814 0.295716100726958 0.2751454519920723 0.26668154256538823 0.2769497803050536 0.23910164834137315 0.2854457020855242 0.26066692923529355 0.2469988984572591 0.32239236624904966 0.312971700207606 0.2476674245430639 0.26254709457237224 0.2515506040710914 0.2956871351154754 0.2683209147571216 0.2569988542529209 0.30256640638315424 0.2605465542276235 0.23832800236480456 0.2521927266633105 0.2807251511219214 0.26658286299621226 0.26715841910782157 0.25862402299290765 0.23769039220603339 0.2598133142573301 0.24030216067679888 0.2796304821531642 0.2746548526821637 0.220990921371774 0.2795407322298753 0.2747270271215644 0.2922853315939129 0.2700396896201197 0.26388517771474007 0.30285330338982697 0.2706483285744038 0.27493273636690696 0.2609337690279686 0.23923502291970766 0.29952023666876015 0.28743110418647155 0.2702496660573547 0.2645551739359785 0.3082181664688519 0.2849832443009478 0.26353546125788885 0.26297525039830827 0.257522345805562 0.2777713017945761 0.27155032246679356 0.24411909059836223 0.2600861634477144 0.26740653344983534 0.2616214725054259 0.2660479277890907 0.3068616254514597 0.2862356762467838 0.30006721628366817 0.2954924484188737 0.2809114037361643 0.28355104875322934 
0.30093662549768463 0.31530161491081277 0.2838747360236551 0.2841328865374201 0.23029099789775132 0.2543810292244789 0.214792377563211 0.24257621332415913 0.21822571703445515 0.2232503324144287 0.23991576221534838 0.22101411821074513 0.17358984032866398 0.0 0.1556840615015863 0.2064330050534302 0.21812813187069213 0.21114022642289954 0.21706925872650762 0.2353252380163109 0.2677268071205746 0.2867304083691543 0.23351199595001493 0.24670474896650496 0.2555296752974048 0.2518746303371753 0.2724238733250416 0.26443234368610447 0.24965448392803224 0.24629267582848124 0.26417472815110143 0.2241347885929651 0.23289042863956322 0.2694982113583194 0.25728889319384307 0.2497564849957291 0.2468448867663977 0.2590500667801646 0.264942883699137 0.3005539895762743 0.2459907542280374 0.2849033494454146 0.2601611761968735 0.2504788185589488 0.251459794068289 0.23844215073874453 0.23653444060060125 0.2873027578143009 0.29378966603918066 0.2741314380487325 0.24839894919287697 0.26257087197782036 0.25656756349713494 0.2395607057677065 0.2729182452723279 0.2868045860448931 0.2547853917959063 0.24894449004770702 0.23887620230719675 0.25182606613310143 0.2764604242544032 0.23281905605558884 0.24241919226263098 0.2720561583106873 0.25019628947680406 0.22899972674968339 0.2668841419577074 0.2662875195415657 0.24616414561243272 0.2939588258077894 0.26938156218266573 0.2696107708015658 0.28101380705303813 0.2791741587987434 0.2786875362358767 0.2733902276643847 0.26884132488781154 0.2748539522303822 0.24905934633760862 0.24779273376202238 0.2962542247761548 0.2678424072755975 0.2736069086167703 0.27205974665247323 0.2880955338134994 0.2670028364439585 0.24068715032683496 0.2317669700937549 0.2707671706567363 0.23334160610308052 0.20517240018692373 0.2234371150674136 0.25520614533879316 0.2554203726193982 0.2447961554347865 0.27543933321455605 0.29207529038414415 0.2797576872818096 0.2538002201690116 0.2740237169798935 0.24734338124391697 
0.27385053629154454 0.2484397699416998 0.26869995662969437 0.28434138188774283 0.27376126284943625 0.23389567942134537 0.1952020935960258 0.1973655632221888 0.21153975408081938 0.22573010303820495 0.22926480933750715 0.23607457893660033 0.17188341973185062 0.1556840615015863 0.0 0.130195937231951 0.23377434340501213 0.23139749110639418 0.22882797056462922 0.24537541337070168 0.26428045179821513 0.28536169132367883 0.2370304404610004 0.25567251662170154 0.28806661706522707 0.21355385261183102 0.2872036350333581 0.22891983945417227 0.2773654337767414 0.22586920937491295 0.2634464151127198 0.21972065754807435 0.2614557905095152 0.2367194512340357 0.25450836057189763 0.25958184344004753 0.26912367872651033 0.2678237513092173 0.2560269431791403 0.29697809096507477 0.23934371506050123 0.26609769986726595 0.27197322633365995 0.24667862541137375 0.26451601513985323 0.2311447304752685 0.24940393619501788 0.29064055975264047 0.31146448895968915 0.2762595623925218 0.2567584501190061 0.23774891311826607 0.26490079105804054 0.23542500702823488 0.2832657425008862 0.2754450481661782 0.2755220539683404 0.23944423847999563 0.22959573739641637 0.2337693622247914 0.24741045451887955 0.25693696864680704 0.2641453084342753 0.24772666491717676 0.2446266615687518 0.21581295375935183 0.26742038170817584 0.2867477724956181 0.2159599346139074 0.27847506559539825 0.2511861128337626 0.2828013362008388 0.26942980707934616 0.2706302250876286 0.293892659613318 0.26533913690706545 0.28537690882658984 0.2565032468341686 0.2591691660845903 0.24839253225622582 0.2684936610317836 0.2655454534562035 0.2782102054292044 0.29480466328008725 0.2549049015355803 0.2649092966723767 0.25036328744196046 0.2594111161639563 0.2824330144424154 0.25128819087224197 0.23952138979155935 0.23993780640944806 0.25124935268273807 0.24940454035411486 0.2478835517753063 0.2990709678148673 0.26920797094475213 0.2904052737556866 0.27704697990234717 0.2617740037098464 0.26372005676440247 
0.27245506698839794 0.2718684153971517 0.28703296084245733 0.29207270507482863 0.2701128471993719 0.2539069337455637 0.19769940739667535 0.22085493962616531 0.22362341838435795 0.21987966122406066 0.26537850208416114 0.23899863391898257 0.20387177581950477 0.2064330050534302 0.130195937231951 0.0 0.19310881299180838 0.25799074888831774 0.24465987551716284 0.2421391262989484 0.2902995655317264 0.26258423249409957 0.24626191385227614 0.2559229321108585 0.28576314322235896 0.24963425035640097 0.27418018704596914 0.2507393753709727 0.2697302881763487 0.24847615888426366 0.2753924848689785 0.23256584623376853 0.2734044052464387 0.22943866018998826 0.23724119542524558 0.298623414095323 0.2611805492929018 0.2576578898335239 0.24687577651059778 0.28532649308190483 0.24323896932485134 0.26708022388160735 0.26888552948747313 0.23802757759776028 0.2849139431612028 0.28440185488638237 0.24349800063877003 0.2993034538596052 0.3181365128088146 0.26523632242440986 0.25484550469657163 0.2706332328819494 0.2766824212919048 0.2743802510536888 0.2568860436624524 0.2626739197091007 0.267491004922368 0.25249640381400573 0.22528401071162785 0.2576344160515591 0.2733973851331768 0.2617303705076749 0.24664302638554236 0.2626751351928741 0.22624394036127649 0.2329984481341344 0.29251697424091627 0.2853845805613334 0.22189151067930823 0.2811357640267782 0.2628039347275476 0.25406503107007694 0.2654311212112115 0.2729477294091043 0.2828969248221982 0.26704156237048937 0.2897265546788558 0.2727607187294403 0.2692273496538251 0.27501221614934224 0.30408837909542097 0.27099630214825055 0.25305860106612 0.29340512803880225 0.27141827518427797 0.23679235224023554 0.26741652350829204 0.26479439669470095 0.27239666533493045 0.2815653527984888 0.24855724534437207 0.270225485217678 0.25218515724140156 0.269554494711128 0.27969352942223236 0.27921268875333516 0.2921417091679256 0.2711062914615423 0.2824841631635152 0.29998695094100725 0.27591123035355425 
0.3165806617581227 0.29069158267434925 0.28075942476018545 0.28030348340584765 0.24808060459533932 0.27112283097389167 0.26511110568576934 0.24658258080091355 0.2610520925151266 0.2715451094914286 0.2208472440659225 0.23568216990489843 0.2564182199388595 0.21812813187069213 0.23377434340501213 0.19310881299180838 0.0 0.2405565033232523 0.21119263475795236 0.24872456226000939 0.26476625332278625 0.25620730488743737 0.2151924966176061 0.23898078943159662 0.2649256685703376 0.2591515885719101 0.23067721717987233 0.278040192273984 0.24883184117896406 0.2525618560636552 0.28186986686625326 0.2375869738023052 0.24065542671867768 0.2517196843911381 0.24870738374079926 0.269400275158051 0.2621722573386466 0.25145748601561024 0.2486317228761884 0.3112944682801967 0.30651389801709983 0.29470813437583543 0.2899974277382811 0.27789376600338334 0.2663427429912233 0.2544044238867291 0.27336181577678087 0.31433820483410346 0.2916433231061596 0.25572811270634666 0.27569892710356503 0.2808910224319452 0.27545898860769114 0.27213669159258114 0.3024999731536172 0.29173761222275074 0.23730579365678794 0.2613393509258244 0.2364143049524705 0.24062704581188332 0.2639430636736789 0.27480651166936665 0.27148909716615555 0.27790741189482115 0.2906327893304308 0.26886444016283817 0.29582538207664766 0.2831401160002899 0.2795586210501859 0.29329423909538155 0.27522823486092896 0.2540797851541672 0.27094138308506177 0.2720667594073378 0.3150738325739494 0.2692707969582634 0.286304123930884 0.29274728220651935 0.2293666151690983 0.2896750495804895 0.31067337121021943 0.28419354119598483 0.32667288469665823 0.2833918207616958 0.30551454828964264 0.27300592710136584 0.27855437160319585 0.2756368664016341 0.3026036995652701 0.30185266231368246 0.26532142789240665 0.2836493104218213 0.29569757306131905 0.2890996540762226 0.31136212959533904 0.29929349673249606 0.2791635035704172 0.3094833709277973 0.2849752715759184 0.2895853290001248 0.29242619401769565 
0.32574595609679247 0.2937602174979411 0.2919920005051827 0.28950098225808096 0.2533950935274373 0.2985320236519058 0.26466662690154175 0.278686442106718 0.24074899308198638 0.2642887664047475 0.26676837634321693 0.2740951380271761 0.24841242948824271 0.21114022642289954 0.23139749110639418 0.25799074888831774 0.2405565033232523 0.0 0.17812852609744423 0.18809041647917035 0.25906986209483474 0.22748080892971745 0.2235931518832115 0.24227103570058295 0.25193541298004685 0.27943278228667456 0.25038768092901675 0.2727341276116074 0.25486568804440835 0.25331882578789644 0.27669536521773064 0.26196616093290115 0.24269839855046538 0.26616748510807076 0.22905283039130842 0.2683642237385486 0.2461582665004144 0.21004029833830473 0.252338642308492 0.29195465962805134 0.26734623743308383 0.24412888059630633 0.2551066210155285 0.23844605935347263 0.24785803758653957 0.23207518911281977 0.22021368815232611 0.25984922394321286 0.3103345234281273 0.26817387046270225 0.2682165506820844 0.26598462156548586 0.24702427498964863 0.27902572220293576 0.2703416915526268 0.23767898032993717 0.24978253838181674 0.25339849257087 0.24470706398670072 0.24427235456831342 0.230835341449807 0.246249239067312 0.23352498375403385 0.27528327476440606 0.29470538871487073 0.23056508940539422 0.28879971008330085 0.2642596853882062 0.2277435144571136 0.3002961514055418 0.26724535970694163 0.2793081194358077 0.25884991986808636 0.2852194308638353 0.28819006623392684 0.2823509468860118 0.2709066315195905 0.27106033605670343 0.22931544158072015 0.2516014441692713 0.275343889087833 0.2697711217415064 0.2971017033145239 0.2789477778136813 0.30850561611606353 0.24801408646189516 0.23958811010308956 0.26110837954079924 0.26660884382131833 0.24568889231167812 0.2586740735461418 0.25115623548839894 0.28062914933037564 0.26544683076974573 0.2721619901706841 0.27056896159389476 0.23824160825417062 0.27558563006414205 0.28381795531226395 0.2744535934921385 0.2699243784893164 
0.30356550879804056 0.2902247327601669 0.2645228182919366 0.2546704389205382 0.24950965562921001 0.2679749576793412 0.23756535780736265 0.2791221179171204 0.2577871306126569 0.23733736096014535 0.23727588818646206 0.2622251800456298 0.2578336602764638 0.21706925872650762 0.22882797056462922 0.24465987551716284 0.21119263475795236 0.17812852609744423 0.0 0.1695220224573991 0.24363145199974134 0.2021495132836607 0.19033048032136268 0.18875406005528117 0.25888379884007984 0.2550917675761123 0.22446681477348984 0.25560126253938975 0.2532384174825616 0.25624736844274 0.2321278787232549 0.24315119619267622 0.25794117678688055 0.26301917817852294 0.2581193777627625 0.24318755465759334 0.2193022690570573 0.22142227323838892 0.23126671485156614 0.2608900095861426 0.27772064711406863 0.2852767454737615 0.2224740534702334 0.24314791775106137 0.24571436817787495 0.23028300461330276 0.242189147774461 0.24670040660272474 0.27573351958845527 0.2691600141868843 0.2330506017135593 0.2666972605576725 0.24511458856303447 0.26644488176742953 0.23497671344051763 0.2547149626563816 0.22771580227189747 0.23249098107501343 0.22728383361480298 0.23197456960792384 0.23634200521631699 0.2469456563354716 0.2567787791193935 0.2603081542183304 0.27716344498611 0.23250529125316843 0.26517820025128946 0.23124513260888402 0.23843531792763428 0.25385145199396564 0.2633241955077671 0.2737209158274798 0.2754808220789241 0.24794951226524664 0.269462855002806 0.2594173402554395 0.2820683489108221 0.22310255793026312 0.22234713309481346 0.24626726457376247 0.2538845036937065 0.25120486835034794 0.29125343691235406 0.2733794372986701 0.29034375506125676 0.22326425047765475 0.2590180932662046 0.2311507824536051 0.23965557647250657 0.2515680243760111 0.2312808954295975 0.2638800552171421 0.27113154884676005 0.2370092105872279 0.2600874521787482 0.27060965576430873 0.2571873445929209 0.24895702025927247 0.22740823420919276 0.25883621173762983 0.2721236265034276 
0.29717658695706595 0.2823470041926073 0.2741995136265387 0.25970738846087804 0.2434657042691507 0.2829976593236373 0.2534825429754204 0.2562968531275639 0.22575637616518007 0.2406995678082976 0.23543607828812463 0.250616183936891 0.22947442159814002 0.2353252380163109 0.24537541337070168 0.2421391262989484 0.24872456226000939 0.18809041647917035 0.1695220224573991 0.0 0.21219508082953076 0.1715852121173541 0.21103824281592098 0.15892888208507538 0.1736992002347436 0.2135956382765103 0.20002660489230628 0.25257285580957944 0.21818898471002046 0.201865045198114 0.22074472235180576 0.23728996936327984 0.21220929583199166 0.2503018510738313 0.2431108406134811 0.2637322371285329 0.22008687680623207 0.19205764290444705 0.19458064620880977 0.2421632811651211 0.23111859173721472 0.21383794347399543 0.23826452268580234 0.2291852250189662 0.22787384257530297 0.24404277979449418 0.195988148992582 0.22097086566147706 0.24247622491979925 0.2531808797961276 0.23976975789139654 0.2484255596042354 0.21105956589370223 0.23272105102366802 0.229617101316533 0.23665401996319302 0.22510143537400984 0.25806313448342577 0.26574948967873246 0.2276135334532674 0.2448593523232755 0.24883875822221957 0.24263285908694265 0.2765999240442417 0.2694648468456956 0.2265726995093904 0.23920141910128878 0.2305400865576499 0.24101095741001666 0.25990174475045424 0.24026182990216138 0.3025616092634792 0.2526149239777363 0.27687559065024525 0.2545180254922629 0.2491868060570317 0.2585546831469179 0.24108543924633652 0.24399964991344536 0.24984260484698684 0.2494221335907011 0.2694964787684937 0.2936368795926044 0.2816818190107775 0.2842503096776511 0.2337980406067277 0.2602176431754796 0.26832473870842843 0.3031583302153589 0.2677438408283864 0.22152912665801205 0.22408764767671263 0.27147745417840763 0.27377305890746784 0.2567484664631362 0.2810890926929063 0.22968213619544353 0.2776137775640035 0.2596225357374089 0.24749940557695105 0.28495044970766714 
