0.0 0.820394853208103 0.8591488236423729 0.9051623125572388 0.9193088708575824 0.928746598265019 0.9740292325768262 0.9830800971155669 0.9817706067152667 0.9865786803160991 1.0119695099357575 1.0045277680362539 1.020176522211073 1.031956573485317 1.0307088240012854 1.0215973820058615 1.0180243290110151 1.035110569667441 1.0195366208289314 1.0516631126557154 1.0214705074540895 0.9963302694854187 1.0271165251975207 1.0628869643283412 1.0305115768804352 1.0207852520455927 1.0602620898753026 1.0147408269542448 1.040177540220089 1.0503777182656737 1.0572610627449213 1.0381564689284373 1.0320167952071997 1.0387519238196263 1.0267630307345952 1.0329682938274565 1.0593872177910857 1.0359844891596204 1.0475636921144487 1.0470490076301577 0.9941620453405072 1.028191018441288 1.063438653226097 1.0223720324939636 1.018865141778575 1.0472646739260107 1.0319246868291838 1.0186717471923432 0.9741438477356278 1.056605388125617 1.0119813716651689 1.024979943846975 1.0101083253625185 0.9976694733272147 1.0062369265459503 0.9872247289918603 1.0427840201118406 1.0406729210217898 1.010311335322008 1.0481125575409538 1.0700343446257952 1.0342805842581426 1.047666076704316 0.9972059656921862 1.0056583958563146 1.010010309172258 1.04675071128018 1.0343223504634718 0.9959977947376707 1.037910566432148 0.9897767948939117 1.0343041184929782 1.0342988410224836 0.9982319903283269 1.0325469377891336 1.0136085437918354 0.9891299250630793 1.0223013367905076 1.0251317307281387 1.0117559979383428 1.0261791580730992 1.0182152574560956 1.0662117296936173 1.0082951306466754 1.038542548606331 1.0229757368293635 1.0136423470871654 1.0328346502305106 1.0064707218027593 1.0441098873276338 1.0480536291481328 0.9629550111541729 0.979965263496641 1.0283240610533912 1.016784124805388 1.0105739817045798 1.00521520733283 1.0035496014119365 1.0152092995510589 1.015091614841651 0.9995644590316501 
0.820394853208103 0.0 0.7526936653487755 0.8450581064089416 0.9004841191870482 0.8938187155894942 0.8997764890815723 0.963981705251365 0.9481930280934973 0.9321717632422719 0.9547806188739885 0.9504724161886922 0.9537595242539677 1.0348980037115523 0.937371201030501 0.9817556388836194 0.9840898562580993 0.9732843010530183 0.9796304241384001 1.0155605163084722 0.9953736210018387 1.016092821810905 0.9910800049153371 1.1372693152445306 0.9828754868139722 1.058828480375999 1.0683240672554941 1.0367713970363892 1.0486158138883501 1.0275581968470127 1.0220474211491088 1.0591628132757356 1.0176147527512616 1.049552045455319 1.0251678558358124 1.0341189919419176 1.031609066927748 1.0494301966032147 1.0722420808802156 1.0499962502835352 1.0169320107675435 1.0387972597360347 1.032193014985365 1.0231024064578143 1.0400623043094859 1.0365420362559072 1.0411439960967603 1.0118348358191052 1.0214637812115368 1.0288923799717888 1.0276815484879211 1.036340435775976 1.0148611011583362 1.0079246380099287 1.0171907420497757 1.0509889851854954 1.0595642658004076 1.0584584588519688 1.066263741045523 1.066077009934999 1.056746053334931 1.0715828076921805 1.0116957537666331 1.0308600360923992 1.0653306812388332 1.016117414078371 1.0221560180950435 1.0385787670499242 1.0694736039694286 1.0239710628028726 1.0137347321781855 1.0053543666829448 1.0497668880274749 1.0567135822684108 1.0387391700065658 1.054408806972515 1.0092407064571707 1.0386967695258689 1.0190583293049653 1.0220385580333873 1.0045801718273755 1.0066488471102022 1.0265002411521016 1.0321010231266354 1.0528354760889036 1.0522329447364032 1.0583414050316955 1.0629839056317627 1.0512408333867536 1.0421610480416972 1.0129214018166477 1.0592685123084895 1.0635045969251087 0.985933200673688 1.0018663071351357 1.0482329853694226 1.0298264919179132 1.030537275677301 1.0503086222322495 1.0577967576175364 1.0455642903734488 
0.8591488236423729 0.7526936653487755 0.0 0.7607769164182554 0.837778278777861 0.8696227804937814 0.945910242696522 0.9629333298232048 0.9378686107284159 0.9307019113234126 0.981290371263674 0.9584524292992063 0.9681422626555026 1.0170197967852 0.9690274217903072 1.0292783336946398 0.9745326878661614 1.006187268931836 0.9946653878150337 0.9834535100227487 1.0003695721969668 0.9862851493466893 1.0135851359296661 1.06430093908524 1.0278893507650932 1.0437144569320471 1.0626433406087892 1.0275345874301205 1.0205849497317496 1.0531822565286069 1.068726140453938 1.0684478844887493 1.0033877387933328 1.0174799282778955 1.0401206490007304 1.0352704198879283 1.0260717140559463 1.0356579394575927 1.080544356874459 1.0423426986088113 1.0398329651890648 1.0247124559808667 1.0559814267185537 1.0622128360148924 1.0837842970877927 1.0518454668450907 1.0501542498651641 1.0293683947458336 1.0366328448151825 1.0120610865792499 1.059038023016306 1.006559083581623 1.0198103527599214 1.038548369631756 1.0706520290613863 1.0436721729159288 1.0898926851224437 1.072108786332091 1.0402233385241513 1.0211911965087737 1.040451898410897 1.0456771341747888 1.014874620205883 1.0410559862451272 1.0183784162887848 1.0231606197254148 1.0505388593025078 1.0188894866737945 1.0910034819629626 1.0121179515529797 1.0472122953577492 0.935869679103966 1.0166204262146068 1.0556115249194498 1.044461195873522 1.062525360654614 1.0250299060127832 1.041775600539987 1.0410368894200603 1.0634392018607366 1.0270319764331484 1.0283580374962265 1.01074169359489 1.0288853144761556 1.0518430763498783 1.0456141798200282 1.0519697420111827 1.014514572207263 1.026112193752303 1.0433437064466762 1.0280018015664887 1.0360234835004083 1.0168470271637673 1.029018739158624 1.0007325594335368 0.9994494356357531 1.0038682895220195 1.0266721083994186 0.9982796982706464 1.0115148774639597 1.021769971578733 
0.9051623125572388 0.8450581064089416 0.7607769164182554 0.0 0.777156745158239 0.8500030869470467 0.8429545459648619 0.9436044347386483 0.8992684468524215 0.9603838787993881 0.9829111129551036 0.9190946742390564 1.0221620322864144 0.9752587565881276 0.9945068465896991 1.0075056820486428 0.995599199199338 1.008744887341335 1.0041226020955631 1.023462104147057 1.0052771684041713 0.9682747222485867 1.0196830240503483 1.0331231024961578 1.031251946565713 1.0714571293235653 1.0217935798264217 1.0168332810870724 1.0563044571107942 1.019139963704113 1.0848518947288734 1.050300400693328 1.0348074057765095 1.0324234481437589 1.0229748779563241 1.0286983238087208 1.0505761129880644 1.041865110701414 1.0591209855550106 1.0328912529110261 1.0113306039392744 1.0075856464068784 1.0346676726410524 1.0273708457853563 1.0610968344994856 1.0441840799293707 1.0530190453908694 1.0121872205081115 1.0101232092024657 0.9815113437378925 0.9934836814714426 1.0082826608571442 1.0529217664071564 1.0781249388312069 1.0328447855550336 1.048456762461563 1.0786602923760928 1.0726149074865559 1.0745752263057857 1.0849999355635742 1.0552249803090605 1.0465399283307872 0.98586897794029 1.0118167311564656 1.0417777910103565 0.9986647024661822 1.0365499303503196 1.0466404423486517 1.011348862608465 1.0271591868036727 1.0351935681873445 1.0609343743659567 1.0526726939541702 1.0040588532374857 0.9897455257639068 1.02516790347065 0.9760789509853601 1.022701037348577 1.0487550415177813 1.0402535106928303 1.064033923474026 1.0361476409240498 1.0498121329998695 0.9941881797470088 1.0666008473461297 1.044606339589889 1.053588595339775 1.0261785022394734 1.0232220077768364 1.047562602042136 1.0804685528230134 1.0930028607551752 1.0526748565310873 1.008831508730727 1.017385660642128 1.0435251865647424 1.0324690689529545 0.9995699898560011 1.062690215785055 1.029439020608799 1.0201404138473706 
0.9193088708575824 0.9004841191870482 0.837778278777861 0.777156745158239 0.0 0.8429085121965166 0.8751728909203835 0.907682593817331 0.9461212852447888 0.9748024978746906 0.9786710856022373 0.9207540905908658 0.9847471289922459 0.9165213632711557 1.032212072427755 1.005928801529205 1.0134987197069043 1.0119426241702068 1.0184054320801914 1.02075364266309 1.0369866216030539 1.012667525678741 1.0241407167831953 1.0302168373678522 0.9925232179424581 0.9960882651832524 1.0828181801232277 0.9548007048117328 1.0433622695633917 0.999427921920032 1.0448176837560732 1.0111204749401579 1.007097985827329 1.010199346554065 1.0360538948815832 1.066972827114105 1.0226584662494953 0.9962040981128109 1.0336879101623075 1.0190552304231217 1.0176446448080543 1.054688668145918 1.011875636092262 1.0194851164108518 1.053923117292121 1.0291104026791675 1.037267540620389 1.0294801349545988 1.0241170494366467 1.05285115769288 1.028180858418581 0.9811470182581601 1.0732107057422293 1.0473030527929719 0.9776019601901378 1.0153374541339517 1.0684446156926137 0.9784116445282475 1.0526759634445495 1.0677662819464695 1.0326609591042666 1.0634693405736055 1.0277644202567293 1.053655614932207 1.057283206147826 1.0611363793763244 1.0083824987206154 1.060174079813836 0.99688819335351 1.0265438496709398 1.0152465072555839 1.0346501059958615 0.9722015204393802 1.0610050680418153 1.0001640723836402 1.0498255243137278 1.0571555421346348 1.0108095911703499 0.9966350330876824 1.0404140125884003 0.9995590314305864 1.0269842136407208 1.0633693923044731 1.07278162387949 1.0612122623617088 1.032129428827394 1.0414459652801225 1.0219951627770767 1.0160968061774136 1.0545485367265781 1.0816549497853731 1.0898435869607708 1.041302754060426 1.0132388707667066 1.048419147928501 1.0470574405016975 1.0485224814980416 0.989750815670488 1.0870220928030905 1.0189835588676106 0.974741526036337 
0.928746598265019 0.8938187155894942 0.8696227804937814 0.8500030869470467 0.8429085121965166 0.0 0.7328420608035635 0.8924839196045421 0.9010702902777323 0.8984858140115237 0.9449873424142499 0.903123579926013 0.9667976070333157 0.9665452187385558 0.9611933340819443 0.9987122023613149 1.0102556895566257 1.0004539689016174 0.963813836511438 1.1275061415424867 1.0103827718761176 0.9263492012966573 1.0247256561167055 1.0149859236245549 1.01895007518453 1.0697070253790582 0.9884047724642021 1.06883524167655 1.0296076582779132 1.0004350344007988 0.9725164718327828 1.0173898711937523 1.0062067635074758 0.9997097842410992 1.0408093547752684 1.0234875841119497 1.0445212023287802 0.9768591693154834 1.0036988502555537 1.0616441188997487 1.0137989127001288 1.000648136841052 1.060598133466803 1.068403905435036 0.9585519428936471 1.0953030335741594 1.0295147346794264 1.0465392700682137 0.9658835858310663 1.018752205992756 1.0366585504152577 1.0118572976344853 0.9746363925808692 1.0455660024274205 1.0012933236367858 1.0056262652321613 1.125901136112148 1.0370207906317161 1.0974932653870064 1.024658345641298 1.0594403621501947 1.0893018347120826 1.0147033870797055 1.0245540329379503 1.0045205450151757 1.0170284468284947 0.9893926728719848 1.0248265735295634 1.0866479236723605 1.035724368196077 1.0356299670410631 1.043015510766774 1.0467396857558615 1.0091116846060049 1.0653354021658514 0.9986276085041375 0.9715235858209654 1.0549085157428617 1.0352660962370515 1.0798935610745641 1.0631306148848503 1.0554503584134787 1.036782058041151 1.0458309126345937 1.0505856927507458 1.1163939014856328 1.0435665937071585 1.058303716843483 1.06448622605575 1.0210039226453773 1.006229022924145 1.1284165008698883 1.0469342703971098 1.069308004253137 1.0513961135893815 1.014560204091709 1.030054465612951 1.043434604891013 1.016091951538325 1.0356635054321448 1.0521346931734585 
0.9740292325768262 0.8997764890815723 0.945910242696522 0.8429545459648619 0.8751728909203835 0.7328420608035635 0.0 0.7683961095255538 0.9121937716779844 0.9173986991452391 0.9451938959102997 0.9212084334311849 0.9563585174899742 0.997069170690468 0.9853900122118985 1.0064264687217892 1.0655252344770578 1.0245092552602788 1.0042606772592553 0.8806061952135711 0.9739302200140316 1.050777013266815 0.9696194027327273 1.0664411404756227 1.0886631701126464 0.9882999592468859 1.0907310841262179 1.050691512323461 1.0089183963274242 1.0664868901451494 1.1057544050278816 0.9690873514588608 0.9806538586517983 1.0480800159268828 1.0146217001008055 1.0745332704395574 1.037885933515009 1.0888629112440682 1.008955579511751 1.0408919523693991 0.9949312434008669 1.092211650465288 0.9731731871871677 1.0168266699396673 1.056474212322512 1.0466742651523753 1.0186858524186717 0.9778190370396137 1.0134721370314357 1.0901295528788455 1.0632198237745945 1.0013035433297441 1.0243620571159695 1.0259515733287583 1.048399028903936 1.0542546500836567 1.0506279812453796 0.9772199937963889 0.9051642675903052 1.0524829726826965 1.054603496034842 0.9692090813932285 1.11819521115991 1.0443655273940844 0.9991971063395904 1.0576769399232882 1.0818593383939226 1.0054334681017607 1.0158488354077497 1.040860033398621 1.0216615410185703 1.0008143683351713 1.00126808304174 0.979298978815483 1.0231867418537492 1.1007162572016465 1.0715266075816006 1.0149924581075045 1.0290773496676915 1.0770297173400631 1.0097258958233835 1.0082697326483903 1.060269062554346 0.9954205636284792 1.07563343129272 1.1139811979198186 1.046652217017052 0.9870234561565839 0.9957281586978597 1.0253839952538037 1.0404687904254413 0.978179156811083 1.0092307782982688 1.0191539590687173 1.0180194479620335 1.0083273597039508 1.024121151611545 1.082446474031765 1.041380182587869 1.0580074129131938 0.9908325679060728 
0.9830800971155669 0.963981705251365 0.9629333298232048 0.9436044347386483 0.907682593817331 0.8924839196045421 0.7683961095255538 0.0 0.8626090466660629 0.9189327103008952 0.8951410869340217 0.8631703571912881 0.9536003416236923 1.0233178582058167 0.9506739322111831 1.014715529970901 0.9875502174034034 1.0305753992636015 1.0042676243336872 1.132339410741593 0.9981744153870238 0.9903325126824971 1.0307287231896243 1.1631522604733575 1.0071591219924505 0.9979396284629016 1.091080379185818 1.056659166884863 1.031793903939031 0.9999129260371824 1.005510485413211 1.0471080269875561 1.0389503493094978 1.0204304378649065 1.0555554844273285 1.018320371908554 1.0755490904001501 1.0411982372511601 1.0319182908791082 1.0677553550113756 1.0304700734738423 1.002800222445236 1.0368387580774328 1.093185939167476 1.0073839213576616 1.0315405459668694 1.071028514383586 0.9940815820927139 1.058664335889967 1.000022619447775 1.0030093441072307 1.0080108637971061 1.00346729536864 1.084857439546586 1.0627408347631855 0.9820414605494794 1.002669546424905 1.0415579626435492 0.9656994013076873 1.0401881851778891 0.9967854137069179 1.0102401792052091 1.0230963996706754 1.023420442147126 1.0207580661618367 1.0083414702427504 1.0327870921405586 0.9915646086089724 1.0698107782819475 0.9985670797540038 1.0678363798354866 1.0718222990628143 0.9456222776135685 1.0248443362829347 0.997707911295535 1.0075247330313768 1.0442878502897743 1.0378631707075667 1.0326322260966996 1.0129366414877845 0.9763067438310005 1.08960790056148 1.005022783532945 0.9936318376886333 1.0142165172484168 1.0014454601923273 1.096910033978301 1.0374603800183622 1.0100682543016242 1.017748441584913 1.077431690423727 1.0649643286561596 1.0255780328830721 1.0214970004005635 1.042729801900273 0.9909206347581959 0.9993042312493449 1.0340315619661007 1.0441117187844036 1.0018785203114544 0.9697104905022751 
0.9817706067152667 0.9481930280934973 0.9378686107284159 0.8992684468524215 0.9461212852447888 0.9010702902777323 0.9121937716779844 0.8626090466660629 0.0 0.8862657025741196 0.9258380898169907 0.9444507855849247 0.8873997145775268 1.022724151396045 0.9584361211968374 1.0018045672349047 1.0406030525424317 1.0207707171128724 1.0382105329319458 0.966672393201633 1.0405247692829838 1.0228430151979968 0.9852801415419434 0.9467775682106758 1.015639924591121 1.0397204003000016 1.1921096685405617 1.0528094936349561 1.0488068796572463 1.0500065938638288 1.025186102230137 1.0624531404699693 1.0229116767995357 1.0320562708308447 1.0273014363795228 1.0590651765315946 1.0141593813164151 1.0352220981920752 1.0369727312179615 1.0474415178391523 1.0866513617143054 1.088692649305559 1.0056801827800348 1.0103138035332462 1.092323347729221 0.944652802461362 1.0278626842765706 1.0518514853956096 1.0434869192022658 0.9822133539486553 1.0409032616116474 1.0099929714671005 0.9865662581527188 0.9634171533524747 0.9931513041805599 1.0572420062338277 1.0264917168530339 0.8816953306303592 1.0573209867364632 1.0685609480434743 0.9660184688993237 1.0920470806304579 1.0009563552933207 1.0270922134138152 1.0289703669654293 0.9724437372044059 1.015132063227816 0.9956049204756389 1.007820382851435 1.0121886447515636 0.9790546800423933 0.9355292077146986 1.072122298700832 0.9566906210411044 0.9782972850483881 1.022444850835619 1.0528004762423717 1.0113928490362731 0.9914352142675453 1.0554129754797086 1.020338043883975 0.9962393005659572 1.0400325777541632 1.0388636012698733 1.0889042599941556 1.0497793480246584 1.0066273620061463 1.016010995310244 1.0969382882811691 1.0407095666842339 1.0036840315881592 1.0565634912566049 1.0484465746719696 1.0134853345916333 0.9946515564627072 1.0464063319738357 1.0308154660806355 1.041658672971187 0.9842071648487148 1.034625505645046 0.9941493346501827 
0.9865786803160991 0.9321717632422719 0.9307019113234126 0.9603838787993881 0.9748024978746906 0.8984858140115237 0.9173986991452391 0.9189327103008952 0.8862657025741196 0.0 0.8889326846556288 0.800019070320371 0.9621762918079055 0.9533328371598097 0.999313776508405 0.9961882395603746 0.9702642380665757 0.9978091272759577 0.9676930169117328 1.0180448695665933 0.9935848274112885 0.9725275661042522 0.9972398642829073 1.0952288431456312 0.9914604514817401 1.0626471063859249 1.0156813452022373 1.0284505607791998 1.0096630298815343 0.9876601829106182 1.04615695246517 1.013517544944025 1.034458543584337 1.0449851374570331 1.0236516002061076 1.025425866047413 0.9988933106800207 1.0148015322049788 1.0872175566872062 1.0495581098532654 1.0450645225823225 0.9744501796516772 1.0577484697148494 1.0208769834429567 1.0693579612180828 0.9543821085914274 1.0318212375840181 1.0316525388899744 0.9908353996219896 1.0363997769873756 1.0170713868372399 0.9869073720724092 1.0887555328634864 1.008550822315124 1.0608999225975302 1.0422109746538955 0.8701371954490391 1.0856517393735154 1.0188077524784622 1.0900319589163934 0.9867186129777532 1.0991220763720186 0.9784242766124702 0.974860959177083 1.0280343243657928 1.0563018487149103 0.9904957895565966 1.074927407955329 1.0105458060491395 1.014572605159092 0.9938218315729163 1.1049207173989624 1.0287441394117987 1.0625962504454016 1.0035048928816852 1.0203717071737215 1.0163518223662353 1.0255000692078802 1.020814441571636 1.0694419761682454 1.0426581683712897 1.0892771256505662 1.07353480549221 1.0581308989940112 1.008980406993704 1.0665374774077159 1.0394548994121249 1.04222423464897 1.0245450381175223 1.0244340878992364 1.0361900864517595 1.1884901178611298 1.0305699162352484 1.0440640040296025 1.0014570704860957 1.0191843436437193 1.0255822600990314 0.9682766808256151 0.9953653667394262 1.0070131075561506 0.9563925130245902 
1.0119695099357575 0.9547806188739885 0.981290371263674 0.9829111129551036 0.9786710856022373 0.9449873424142499 0.9451938959102997 0.8951410869340217 0.9258380898169907 0.8889326846556288 0.0 0.8832771077631886 0.9108947995192335 0.9664124144165648 0.940236453346297 0.9951553101885449 0.9610861150874971 1.0101345941920405 0.9836450647223837 0.9276249750876762 0.9866685904824002 0.9984995880171833 0.9597142877580161 1.0576002001594302 0.9987133364960897 1.0426348058964923 1.035489345477553 1.042275834442861 1.0329575226697898 1.0138385444383393 0.9490277546755863 1.0014540625879367 1.0033829657198563 0.9648722512167138 1.000261463455779 0.9441762329148106 1.0492291472474284 0.9952822293181722 1.0522792487802162 1.005512579519021 1.0499367018170638 1.0256625767172323 1.0666287186649055 1.0266479375857065 1.0464081472677782 0.9988695154167013 1.0444037076743078 1.0405011934659836 1.0427122526503225 1.0387053096836123 1.1031557418935884 1.0570231231420588 1.0418265435147747 1.0342619703266256 1.0404060757670839 1.0521154678825093 1.0823783973716645 1.0244477725824017 1.0951824991036687 0.9932788714965433 0.9980532047285102 1.0397160230493596 1.0085471747899446 1.0207052834382848 1.0154416565419002 0.9836401521855468 1.0003272536654442 1.001791030160028 1.0690325231085847 1.0118928526419242 1.0154093249662153 1.0182273880545567 1.0344830062041728 1.0381320926205198 1.0141145768442454 1.0545308110059577 1.0125572308963473 1.0298115417425475 1.0019999740747654 1.0450249487452594 1.0264613137825733 1.0289174696605001 1.042606432543848 1.0478324050540355 1.042700366321198 1.0778636576511433 1.0488279760004124 1.048035145130373 1.0344781608599947 1.0487073502531115 1.0291430398232075 0.9705778682514716 1.0549859787534182 1.041895721105133 0.9776779075685661 1.0206151312709486 1.0295368713273858 1.0615270990719408 1.009806460669612 1.0360334575531427 1.002077999187465 
1.0045277680362539 0.9504724161886922 0.9584524292992063 0.9190946742390564 0.9207540905908658 0.903123579926013 0.9212084334311849 0.8631703571912881 0.9444507855849247 0.800019070320371 0.8832771077631886 0.0 0.882068331733686 0.923937430049844 0.941837505531167 0.9504553952113269 0.9632988842105542 0.9436393149621716 0.998208383902907 0.9631474866645792 1.0095102937416194 0.9661924577606785 1.0114906539213 0.9900004506666882 0.9882524804832101 1.0611833010468688 1.0136442203471308 1.0732280862960748 1.0193140630021562 1.0616078555544233 1.043231659988679 1.0067720963212283 1.0376896120570296 1.0342378866814055 1.02806947542739 0.9701460177420933 1.002556892477084 1.0004192641869127 1.0150761820264003 1.0108751765028918 0.9959001919113437 1.0588555224303118 1.0369904263539387 0.9733665654596132 1.0726776138334453 1.023294952865092 1.049178887917568 1.018119788441504 1.045723483294057 1.0219819184191972 1.0540802788807468 1.0207259274246203 1.0462864251717199 0.9866891831566605 1.0427641998849564 1.063876427575342 1.1472787637171054 0.9694376777556147 1.0951807258274242 1.0492362556556922 1.0724153586318728 0.9445320348391903 1.018131313865268 1.0472746349496678 1.0382992104058135 0.9826903146035398 1.0386152828444053 1.0317983232792522 1.0554432478385882 1.0446457751698648 1.0107107468796364 1.0064788699866751 0.9757884801691692 1.0554792236584605 1.0179605695279532 1.0641173219987161 1.08818053176152 1.057062642048529 1.0541610721379961 1.0647067690043817 1.0247156280174379 1.0118913196350547 1.0700372218435446 1.0387376159133157 1.087803830634991 0.9917511511165199 1.027056777430857 1.0661792411512867 1.067226192331749 1.0225457386754555 1.0290198660939431 0.9773062337650534 1.064455918351046 1.0209817748911332 1.0063579464450103 1.054665406296507 1.0238228138603784 1.010875442466252 1.059137876354069 1.0308085181767939 1.061600557038267 
1.020176522211073 0.9537595242539677 0.9681422626555026 1.0221620322864144 0.9847471289922459 0.9667976070333157 0.9563585174899742 0.9536003416236923 0.8873997145775268 0.9621762918079055 0.9108947995192335 0.882068331733686 0.0 0.8221388477360858 0.9478038362465618 0.9260259978584 0.9641244534920498 0.9183859963984085 1.025368416196125 0.9252059306294438 0.9206877618623092 0.9921573863001494 0.980490117512967 1.1074944679035725 1.002080176891656 1.0004929491394863 1.0132024765791547 1.0056825288808657 1.0130867085507316 0.9997949758255746 1.0928616400533264 0.9812757548069956 1.0487891423656297 0.9528984909224196 0.9689105329257931 0.9637134044177323 1.1018464571356028 0.997772312428278 1.0656991766022812 1.0074939356208443 1.0618231313445445 0.9893836175637728 1.0323533295227567 0.9637478771765923 1.0433294453818642 1.042697589921483 1.0191004666562336 1.0849595734232185 0.9732939259948804 1.0488150546927106 1.0084484709737156 0.991988322461119 1.075042815547842 1.0157961428518212 0.9875015104526531 1.1063101473281147 1.0731452280663685 1.0473448962034735 1.049543873607053 0.99095238343244 1.0323305258139288 0.9414730408448754 0.9531380826476985 0.9871721743420528 1.0467251986606154 0.9494083559558637 1.0017556788385618 1.029298194985729 0.9900067513851244 0.9739407478787186 1.083542191107888 1.0800874520153405 1.0017138800337757 1.0889744232501752 1.0204969891806273 1.0196527900672294 0.9912265178096253 1.0297855015650899 1.0322485984240424 1.0844520550867018 1.0056355846728577 1.0676991188992497 1.0885264081841 1.0572377789920682 1.078507997110851 1.010727211284256 1.0308408127819326 1.0136810612198959 1.0198035490781567 1.0391104922548045 1.0526118597524532 1.1059289540007686 1.0791878072671806 0.9847693904359615 1.0209103696556592 1.105008085224961 1.0366312103064192 1.009948263090048 1.045860169270841 1.027943897359642 1.1343980283801067 
1.031956573485317 1.0348980037115523 1.0170197967852 0.9752587565881276 0.9165213632711557 0.9665452187385558 0.997069170690468 1.0233178582058167 1.022724151396045 0.9533328371598097 0.9664124144165648 0.923937430049844 0.8221388477360858 0.0 0.7576091315067147 0.9636684621577134 0.8480943918369677 0.9045447259465269 0.8642449140377398 1.0466890168469623 0.9434351680145743 0.9586853230519263 0.9651894986445 1.0682173173334493 0.9439838016291011 1.0148454015655526 0.9740499244958032 1.0537681020961465 0.9601076988619253 0.947271126583997 0.9691056685343996 0.9114997920537732 0.9662771421995769 1.0683723880231633 1.022138024661976 1.0259864219126713 0.9257741946505464 1.0869130929683553 0.9822425925328289 1.0497747277264913 1.007809975317857 1.0389029903260891 1.024722877730866 0.9792886218897358 1.0878864521189493 1.0281439264346488 1.012501001809003 0.9763134571428468 1.0581655448254055 0.9819786455808148 1.0798663503618235 1.0768722751536701 1.05150909821413 1.0161902846553135 1.0665877606715828 1.0601150097317429 0.9470622638681104 1.089529157647589 0.9849013265563231 1.047227694385226 1.0239198139392525 0.9809385554799295 0.9784288828607651 1.033602083215256 1.0043304971772333 1.0035265430726068 1.044983462412024 0.9872756935910151 1.0841615548105317 1.0593310172670183 1.0223787705605933 1.0462662234704283 1.1528816263037958 1.0878370720878732 1.0206308157752424 1.0823760659457027 0.9827820148481913 1.0848042156953779 1.0400754991138208 1.050439506787748 1.0834963985214185 0.9977841656527863 1.0281651775319403 1.0496408464421227 1.0774763444858713 1.086901158122234 1.0442187149760485 1.0249850486757242 1.1223050305208988 0.994677568440618 1.0014922273268936 0.9906360792945311 1.0211363091365704 1.0602641394031926 0.9872252734402653 1.0161472761441057 1.067214076154581 1.054383755507238 0.9969730252059189 1.0742205705194032 0.9920618611087891 
1.0307088240012854 0.937371201030501 0.9690274217903072 0.9945068465896991 1.032212072427755 0.9611933340819443 0.9853900122118985 0.9506739322111831 0.9584361211968374 0.999313776508405 0.940236453346297 0.941837505531167 0.9478038362465618 0.7576091315067147 0.0 0.7456419037004844 0.9507787956409808 0.9074906842974959 0.9577537574331652 0.9043178866854306 0.9267709180899495 1.0043647782478344 0.9808597214893106 1.0276002175023917 1.0364126219451795 1.005766488325108 1.0357174155103954 0.9831999849005225 1.0611585257139342 0.9876143734920083 0.9154166627228288 0.9725327111464069 1.0328811560517475 1.0101618750108512 0.9870057843419633 1.007383532787216 1.0189510350978805 0.9782697499028629 0.983091966539722 1.0102948629418966 1.0454083170918012 1.0173858455840816 0.9983318294091842 1.0143310484415582 1.049200945252738 0.9532300128145635 1.0289068155716443 1.0269475503422971 1.0317971173038147 1.1115387095381357 1.0284738712263728 0.9522925507760672 1.1207111152500449 0.9405639543702893 1.0227010552688618 1.079275003783426 1.1474529769898838 1.034379161844231 1.0143804790897533 1.0254887096906018 1.0209165115466825 1.0431079155168237 1.0634201556220373 1.0477016288928742 1.0179485498340666 1.063360844049563 1.0234302856564619 1.0781773566316157 0.9250484572204696 1.0073660883341056 0.988332671497541 1.0975895546106176 0.887543640665614 1.078877794564938 1.0527203841091026 0.9810503717579242 1.0590069083810258 1.0456484621224502 1.0422436215744595 1.0152854527989552 0.9781845365227838 1.0624077939985566 1.1113632089761212 1.0459811413508953 1.0194776151471128 1.0861559364498712 1.046971213834054 1.0221923791060639 1.039328773448801 1.0437895811593905 1.0996744862684023 1.099338471718812 1.0821737657092592 1.0211461681780158 0.9979530713274952 1.099779547934916 1.0418350358217132 1.00481617179945 1.0137758193750448 1.02111733871835 1.0899040553131614 
1.0215973820058615 0.9817556388836194 1.0292783336946398 1.0075056820486428 1.005928801529205 0.9987122023613149 1.0064264687217892 1.014715529970901 1.0018045672349047 0.9961882395603746 0.9951553101885449 0.9504553952113269 0.9260259978584 0.9636684621577134 0.7456419037004844 0.0 0.7570625166112562 1.0152181449121132 0.9317012985305676 0.8315958485584993 0.9205989032007904 0.9530187615494251 0.9238409903833492 0.9216874461122535 0.9979816812204962 1.0585652319530043 0.9941605185609453 0.989318902529742 0.9509441134034294 0.9852563282377641 1.0830581143826854 0.9921237700601955 0.9866800424953478 0.984540491781591 0.990080156507508 1.0234801710140078 0.9548072888498471 1.0665557576270226 1.0067036248228745 1.0071257895881085 1.010165227992414 0.9948707926600073 1.0198425124388237 1.0232430474066831 1.0676288160190566 1.022502775392451 1.0195717366415884 1.0813102863834234 1.032240635145051 0.9557319944883065 1.041204693335828 1.077668595905526 1.0493800454741036 1.1034200844826845 1.1126412106345147 1.0202472680275383 0.9916194082551856 1.064443572798107 0.9860545897316493 1.0396937840178222 0.9868882547031818 1.0358231872786627 0.9696051721295108 1.0318430567290477 0.9898685697669879 0.967539682341664 1.0324154239817662 1.0405874209321495 1.101060326235736 1.059392759761299 1.0964996608078657 0.9832944655678577 1.0800698187303865 1.0734842845088564 1.0050779474279148 0.9992692602488239 1.0374730133737737 1.042765580462667 1.0141735881270586 1.0430287081834644 1.0652562437571773 1.0439240358404789 1.001152691859606 1.0915689492043716 1.0243994268995456 0.9891180478744511 1.0202370908077174 1.0493074628590362 1.0267565563808911 1.0395673346675285 0.9899562589666261 1.1227978734425577 1.0063983322223566 1.0406118031762774 1.036449770387849 0.9906254005173738 1.0364453523009425 1.0236575323139947 1.1051063209532883 1.0360623722411118 1.0209170438298305 
1.0180243290110151 0.9840898562580993 0.9745326878661614 0.995599199199338 1.0134987197069043 1.0102556895566257 1.0655252344770578 0.9875502174034034 1.0406030525424317 0.9702642380665757 0.9610861150874971 0.9632988842105542 0.9641244534920498 0.8480943918369677 0.9507787956409808 0.7570625166112562 0.0 0.8447030841432757 0.9087733507083853 0.931678764866023 0.9652237665346947 0.941849482791804 0.9684055764589069 0.9526368284518077 0.9845630488687899 0.9591548649053344 0.9349741666185412 0.9976927031079396 0.970950572033787 1.0169577469474498 0.9494898056702268 0.9647493890529678 0.9760130085765638 0.963817622108954 0.9736554671345632 1.0061943640747482 0.9985364261713477 0.9573332703176209 0.99950652472582 0.9960397753144513 1.0296691724209022 1.0438063880057389 1.0261759395188217 1.0153121604432676 0.9905659653074667 1.0353645189552945 1.002966634887724 1.0542716775192351 1.0297336731294764 1.084365178239102 1.0786900832780257 1.029401536549015 1.074398532051171 0.988899569842541 1.0828809508039723 1.074588808152512 1.0011669271508747 1.0465559868844807 1.004628503875417 0.9941165060639131 1.042513689164629 1.0497009377447892 1.0851143478853948 1.0327988684532525 1.0209679850019444 1.0970202674539975 0.998781146292591 1.0169442777572868 1.0934212012601061 1.0391258221755932 1.0363410594591154 0.9686141270895603 1.0472631776179566 1.0311985606817378 1.0527354479739524 1.0587920603538143 1.0822409832914004 1.0426269652689806 0.9601423971555008 1.0534563658322735 1.0513655075634867 1.0616750004789552 1.0769889497772387 1.0260345208185233 1.0260295628655958 1.0625326718985757 1.0104145936817592 1.0313063347270546 1.0481806851818711 1.048554384884617 1.0599811281773055 1.073734098737511 1.0296801035546057 1.0274199470183247 1.0538760638578442 1.0622896225606142 1.032489174522912 1.0609425413949733 1.006204088179361 1.0472310917422896 1.0492044423929183 
1.035110569667441 0.9732843010530183 1.006187268931836 1.008744887341335 1.0119426241702068 1.0004539689016174 1.0245092552602788 1.0305753992636015 1.0207707171128724 0.9978091272759577 1.0101345941920405 0.9436393149621716 0.9183859963984085 0.9045447259465269 0.9074906842974959 1.0152181449121132 0.8447030841432757 0.0 0.7410926013026218 0.6454522181754183 0.8293673373077435 0.8684248582954752 0.9495148342125745 0.9426856252570894 0.9437316355188191 1.0949343680225594 1.0673096298765234 1.006707202650063 0.9549946967776902 0.9577234552062064 1.0939404108068809 1.0093370015898184 0.9664682428346588 0.9964063710029089 1.0019142865446142 1.0294986265265682 0.9836844738922751 0.936603819624758 1.0251790490840027 0.9858749334193041 0.9726513911119867 0.8923635975569839 1.0220775934406192 1.0200220209751913 1.1071452514952376 0.9440046633085438 1.0084389132801477 0.9925871952017707 1.039265669207508 1.0266928222642175 1.067349463604852 1.0162194635019794 0.9763518303746377 1.1346370998059856 1.1439034215596535 0.9374770509674684 1.0688529008390837 1.090314317957203 1.0128818187881976 1.056999589135166 0.9804792264866967 1.0914093658084152 0.9522597857732782 0.9814121227514251 1.0492504075979463 1.0160895651761004 1.0905927944750657 1.0278034956743551 0.9990806796607223 1.097173870542232 1.0901685192779058 1.1016288919894215 1.0240527408581765 1.0428999165636272 1.0614810487356299 1.000238753227612 0.9899342675754117 1.02339213719271 1.0224668573893503 1.029130689367186 1.0115125284753788 1.1501580982754462 1.0789248982936213 1.0415778322775382 1.0295148955225137 1.0951175081363609 1.0385650838056142 1.0642718614348137 1.066382910906343 1.0537500236875716 1.06330521196513 1.0273809692307214 1.0878025316001878 1.044887107484418 1.0168122857510344 1.0104426921865828 1.001312041830189 1.0472583438672416 1.152487737501247 1.0386140536492177 1.012312480944379 
1.0195366208289314 0.9796304241384001 0.9946653878150337 1.0041226020955631 1.0184054320801914 0.963813836511438 1.0042606772592553 1.0042676243336872 1.0382105329319458 0.9676930169117328 0.9836450647223837 0.998208383902907 1.025368416196125 0.8642449140377398 0.9577537574331652 0.9317012985305676 0.9087733507083853 0.7410926013026218 0.0 0.7281430829351447 0.9091544195436081 0.9677639243570232 0.9762151506165209 0.8834319257117399 0.997553952409888 0.9014093829201615 0.9833691742800231 0.9543907992954157 1.0014105969673506 1.0497386223276781 0.9098342327086472 0.9882345839203658 1.0089849317494641 1.0059925777511391 1.0130733263352554 0.9476667590909742 0.9713676176047741 1.0168435343083813 0.9913919912621979 1.0075917132143666 0.9969876329274244 1.028748632850215 0.9983571695410944 0.9867268257833205 0.9679039012827557 1.0384086501105574 1.0193662293348116 1.027167087185772 1.0472970855026957 1.0340450426020678 1.0248090806020598 1.0643858897645067 1.1067883922260506 1.070851401971822 0.9725734836585129 1.06006323844961 1.0134336253766898 1.1068682011393414 1.055518677747058 1.0295759902309243 1.0201162997931819 1.0250656289777011 1.0381998146779137 1.0384531730716806 1.0530184829770186 1.0502555178808262 1.0698359573741318 1.0353499551987766 1.0878205254639506 0.9983344286617162 1.0429326650050692 1.0342571302640333 1.0930920316450201 1.0578822993911445 1.0241549385973783 1.0203465303136887 1.0913345723613765 0.9941725146173438 1.0254098725839749 0.9782406517195874 1.0350640475365998 1.0305165452666887 1.0964367268266595 1.0364907463534019 1.0418473660560674 0.9636866812247392 1.102762763668901 1.0135593163609857 1.020087717354423 1.0229187185328537 1.09144080530662 1.2078934051875856 1.0268468124110963 1.0275701377061792 1.0408519159071563 1.0516453279516182 1.0575049621212445 0.9637888989021974 1.0124810092516159 1.0300948249565918 1.0554310018085322 
1.0516631126557154 1.0155605163084722 0.9834535100227487 1.023462104147057 1.02075364266309 1.1275061415424867 0.8806061952135711 1.132339410741593 0.966672393201633 1.0180448695665933 0.9276249750876762 0.9631474866645792 0.9252059306294438 1.0466890168469623 0.9043178866854306 0.8315958485584993 0.931678764866023 0.6454522181754183 0.7281430829351447 0.0 0.944922409754049 0.847840998748067 0.9877328496082924 0.7945208994424207 0.8451905937169331 0.954109370662482 0.961716829225133 1.008761066877522 0.8952805377101208 0.7643502147040201 0.9703587965560395 0.9524454277124934 0.9120538303392948 0.9405856344968838 0.9554559613132315 1.146605818124315 0.9519018823459074 0.8179822423845367 0.831135974574413 1.048578402518888 0.8637416324576942 0.8818984136107949 1.0385991513031771 0.9486288697474377 0.9650384638185197 1.0835459501038323 0.8729066315753741 0.9415864957751893 1.0525721493652422 1.0181916916836282 0.9852224947456544 1.0554207139100336 0.9581360187587927 1.0866787037981682 1.031816950856372 0.9769076935744069 0.9292672945395698 1.149785025163919 1.1770832435694791 1.0538476157098593 1.0618134600938012 1.054748636987022 1.0939283420366324 1.0687193452007795 1.080162614334198 1.0516323792212823 0.9545314974786994 1.038347988729722 1.0470782391085196 1.0140172693308818 0.8970019883814624 1.3124267020661171 1.0213707506166725 1.2167360935428908 0.9152482030898234 0.9726093598854793 1.1196425789074502 1.0821468688970215 1.0499801058388356 1.046458755028342 1.0528099609269947 1.1167343546532165 1.0882864091197806 1.0909507492960269 1.1859819087750672 1.0038193123249886 1.1093555456369257 1.0756032346377487 1.2048734888419084 1.0510709955165558 1.0598014364415769 1.0800364767822042 1.0467236488165015 1.0682323848270416 1.0630830784528817 1.077090582335351 1.0330526388291952 1.1140808108142393 1.0424104526281137 1.052313468203037 1.2085752765015667 
1.0214705074540895 0.9953736210018387 1.0003695721969668 1.0052771684041713 1.0369866216030539 1.0103827718761176 0.9739302200140316 0.9981744153870238 1.0405247692829838 0.9935848274112885 0.9866685904824002 1.0095102937416194 0.9206877618623092 0.9434351680145743 0.9267709180899495 0.9205989032007904 0.9652237665346947 0.8293673373077435 0.9091544195436081 0.944922409754049 0.0 0.9602577537524768 0.9525170624507676 0.8161428693774586 0.9760765077037061 0.983057832767644 0.8786576926666163 0.9739787997341179 0.9397204793460939 1.0009491710441527 0.8121932596612258 0.9800249821426773 0.9951921506349992 0.9365344215243603 1.0139736046491303 0.9734919684556574 0.954856217071154 0.9581255340399317 0.9623405538483545 0.9925300345666568 1.0113686070327896 1.064632287896108 0.9829977707227778 1.019336588830853 0.9926818621835192 1.0420672454779405 0.995630126961514 0.9558525121870322 1.0526736339714244 0.9870882046571383 1.0257277615428784 1.0349821610480539 1.023825415944713 0.9763286412991202 1.0045678151044046 1.0187677817563443 1.059808795166504 1.020959202091795 1.090175148496019 1.0576087788016488 1.02707797930585 1.0288255057469757 1.0131989732853013 1.0903798538674414 1.0627142137283385 1.048221505621983 1.0088766253326826 0.9936433442632477 1.062710763007224 1.0429126271066387 1.0349963500283292 1.0122641266087267 1.0540587269750081 1.0371860942884603 1.0542200516502467 1.0215669022406746 1.1169047702856088 1.053637096432841 1.0510898296630664 1.0514753505750711 1.0885174694902744 1.0268756835640926 1.0319433526613209 1.0729272652187047 1.060874037977839 1.0750521452091242 1.0639451505366928 1.0384560820253335 1.0502277592125713 1.0110081342583115 1.020816390037942 1.1698706001970451 1.0594116219650072 1.0453986355747424 1.057070156972424 1.0452304772247794 1.0494492231331771 1.062498399661131 1.0471439329663341 1.065871788723894 1.08034175065195 
