0.0 0.8037959221440785 0.8803216577342565 0.9038038820332505 0.908975189584785 0.9397829564754006 0.8952726461379267 0.8635866688220738 0.901205728615177 0.9300100421767578 0.861467980624353 0.9505731146547038 0.9672461613349721 0.9415262889559354 0.967169034848712 0.9762684284145885 0.9286313557809794 0.9704040136928926 0.9919531321346707 0.9783364539786135 1.0152365970604567 0.9711501042922599 0.9724109533756276 1.014669085811749 0.9837545062407821 0.9783758269638174 0.992117236974018 0.9988003748618015 0.9756565171157499 1.0344737973254738 1.0074023812218398 1.06497289931405 1.038428277744905 1.0474843914776655 1.0764362076886163 1.035863023780218 1.0746555377940006 1.0980039696776958 1.079480442849223 1.0259303452075816 1.0506513710835517 1.0346676193309319 1.0428956629030048 1.035463075366225 1.0877546163512815 1.0717943942162391 1.0255714058068377 1.0414501472783082 1.1286860524349012 1.0772371852600677 1.0477621894279552 1.037014937942575 1.1018862306561488 1.144489046351779 1.0609280020661365 1.0411347220633582 1.0472725067371387 1.0405959551607789 1.042013222256567 1.1334130768217114 1.0787124143988898 1.0883511611294485 1.0566421784564766 1.0956191524972883 1.0997352042372655 1.135443228101522 1.1240021459208847 1.0972346919939906 1.028136933422739 1.0836504321186247 1.0851708583375632 1.0786935010327638 1.0648821983396504 1.1305564510729973 1.0851368695073698 1.0969960788774276 1.0793571743195476 1.0134811535125987 1.0765085324375754 1.1069045508782644 1.054471706392535 1.0679509796326132 1.0600617785755098 1.0718886781941555 1.0640664575513645 1.115542385640269 1.0997000607275735 1.0804693429056533 1.0611288837753146 1.0710508658048377 1.0565930399635377 1.0974993793242394 1.04850169855425 1.046453728545901 1.0927335199026411 1.0699904614525566 1.070924915256981 1.0746948899211242 1.0632602971463627 1.065869884924327 1.0427181106717307 
0.8037959221440785 0.0 0.7106468866019897 0.6933575874196828 0.7098751698366408 0.8323958613641038 0.7891727922734073 0.8579345973725724 0.8944441713536999 0.8310391796972914 0.8456636855928245 0.8873738859990589 0.9371661557000017 0.9004534235007378 0.9092215393876223 0.9094142703312015 0.9083686359905317 0.9121691385311453 0.9370988584717503 0.9404248379804269 1.009893301112985 0.9307183337431238 0.9812091326117774 0.990696806853342 0.9808098173212813 0.9772478044587166 0.9958144346711407 1.036684464261262 1.0120985220992458 1.032986132543076 1.0142603352141726 1.0549647516207457 1.0378419103414334 1.034164669139706 1.056488542664233 1.0484311337427943 1.082925135655638 1.0985588441308785 1.0595596025856966 1.0061971084759764 1.0716382788977654 1.1151453192819425 1.1047977950628072 1.0309539106492889 1.0113325216010054 1.0562841604045514 1.0292466847339563 1.101652927819217 1.1370509330373912 1.094812271947557 1.018692950524971 1.0935690146860013 1.0933873005853907 1.1161042418707159 1.0701866810277054 1.1294341669130938 1.1087889981035746 1.0527317463562154 1.1176496947321546 1.1009247083309606 1.1155157476248987 1.0901244069190053 1.077277877710261 1.1232099907661977 1.1658844252120089 1.1099984259261864 1.1111993770458815 1.0777731060993945 1.0574669705358857 1.144789594977288 1.1786780857284482 1.0828103230038137 1.1128014357909755 1.1047909636589939 1.1636822648769272 1.110408775667157 1.0578756684434567 1.0564205597064433 1.1033542493675104 1.0649815291459186 1.0727034036433836 1.0611349010182511 1.10410980441541 1.136223113045686 1.0671448384560946 1.1272037373003754 1.1365676635984214 1.1016555519891131 1.1175636268300833 1.0799184352530342 1.0941032680942213 1.1343884831451865 1.035881200277471 1.0507295003417607 1.0767048257225877 1.0419102222448642 1.0722817581699686 1.0860739515126865 1.0776538078281972 1.0597327176976137 1.0861044186369226 
0.8803216577342565 0.7106468866019897 0.0 0.6095815185529688 0.7412672918108021 0.8053599107466196 0.7785392535470141 0.7219982086743038 0.8052192984996707 0.8065294852292577 0.7908739286977089 0.8705229542083555 0.9271551469273792 0.889271311326152 0.9186321514203923 0.9270984392592576 0.8289487857290389 0.8917465976440297 0.9242573229260918 0.9867237322404101 0.9976792755054791 0.9447150284811038 0.9522392195426151 0.9537813599958179 0.9677917783381071 0.974149271366388 0.9409068698443867 0.9907293306883472 0.9834769123695288 1.0172243519561945 0.9846154014748018 1.0097304981077635 0.993742835547115 1.0038595688292902 1.0451534991345552 1.0186816001051546 1.0169025253006514 1.0465650433996723 1.1635098091239988 1.0276435278592104 1.0675379081895011 1.120199939059806 1.0609922305906294 1.0359965670711009 1.0236836879796596 1.0833717099418667 1.0503714395234707 1.093537127078015 1.0958539875856328 1.119860358955215 1.0518568867099547 1.0704449427916258 1.140490120754573 1.1348145620104142 1.1076507004635652 1.0617856378851744 1.1586084213290493 1.0746915109632593 1.1191525756238871 1.1389415112588808 1.1056193724556806 1.1040135309585297 1.1967756047869567 1.1213374088243058 1.1671627527837551 1.1870398886751914 1.1563951023637613 1.1288423048495115 1.1163365184557061 1.1496279465800598 1.1062133703058086 1.0944597252301693 1.104824755817001 1.142157342956943 1.132872490963588 1.1089897045592647 1.0990185991149253 1.078664057933171 1.064557559013837 1.1119717140201635 1.1365139665645314 1.104605927662265 1.113669085031872 1.1476721903034095 1.1365293443655473 1.11626158135533 1.2247311804215224 1.140008389341968 1.1513296002527214 1.1111621630080362 1.107829843959892 1.1443400319294263 1.0602503025953511 1.0925911367517815 1.108207955619672 1.0519014015792247 1.0993172717388147 1.1263724899651848 1.1213606907470142 1.0360189102555586 1.1008158561445853 
0.9038038820332505 0.6933575874196828 0.6095815185529688 0.0 0.5515022070564628 0.804637431800903 0.7188149150648215 0.6880410293028577 0.8024624717703924 0.7236916543152629 0.868053036673787 0.8059759481788304 0.8025402027028559 0.8472328172267846 0.9519023181254413 0.918574743069827 0.8434859831373354 0.9142052235280856 0.9042992977185781 0.9221899570013726 0.9859906327967544 0.948869323129172 0.9310695318568396 0.9836994931407399 0.9322042816921373 0.9931670732129291 0.976733429045015 0.9636612203047691 1.0223079404681434 0.97069570497122 0.9901184604192483 1.0397337697794924 1.0331216086554516 1.005519835505126 1.0576076710512792 1.030194896686533 1.0519320407086565 1.0348402201846936 1.138088752970369 1.0565481967382797 1.0108447775063625 1.075888952898239 1.1062425226651973 1.0081477024242318 1.101692371374302 1.0650600065056761 1.0616104447143109 1.1347252887244486 1.097891685342115 1.1322828330843382 1.0914485652084818 1.102018180743836 1.1249719285713327 1.1311922681405941 1.0605909184091942 1.0472038248557478 1.1408232496200386 1.0634454281387695 1.1455449123931642 1.102542077094486 1.088847315873281 1.113075949079067 1.1523543261609186 1.2296153982259423 1.1809098711859232 1.1997966113942176 1.1886464585254668 1.1847619982861444 1.1227644655850364 1.1746396831461297 1.1107724873882054 1.141335950452616 1.1871444617313887 1.1345319275933834 1.1687500094843766 1.1197474235163205 1.139461216374072 1.1052712723643892 1.0708072665654533 1.1999027137538112 1.1319423068160313 1.1230813400574449 1.1108296255084456 1.1124938275221508 1.1027778047785601 1.1299433823230216 1.2292613071048102 1.1392960988075724 1.1757323978383158 1.127574936363056 1.072918366274394 1.1202911723784659 1.1067738648488352 1.0980179952260471 1.05839385716151 1.071186513095981 1.0859596842140797 1.07634943310446 1.095511937804566 1.0642394619438604 1.124094446385084 
0.908975189584785 0.7098751698366408 0.7412672918108021 0.5515022070564628 0.0 0.6881808045746274 0.6607543080474856 0.6720143796608904 0.7399641070938776 0.5964236060100196 0.7242609499188856 0.8307494211476822 0.8058843435581047 0.731940158987218 0.8644497805073025 0.8068703803730125 0.8636513923089879 0.8176101738437787 0.8989054831614188 0.903574401435473 0.9064633049130598 0.956664995233979 0.8999376619752336 0.9795157943025363 0.9160948713105426 0.9199285470980817 0.9091102872565221 0.9997064793567512 1.0009199326688745 0.955799549010748 0.9257728027983866 1.0275531822977069 1.0156961767094528 1.0094336617341007 0.8993886156277114 1.0360431326647737 1.0008684438531454 1.1314893738962322 1.1137977369348877 0.9679322842554681 1.0062422591429447 1.0474647032654403 1.1060986206199601 1.0149855154814658 1.0780002190042788 1.0852220991355188 1.1042685751695192 1.1051148850663801 1.160652328655638 1.0867599208892422 1.0555294903676313 1.1724503704240776 1.1725329770392063 1.2033009070735603 1.1438916178708187 1.127697074505109 1.2488254793705726 1.111940962287795 1.195658356490438 1.2623283564491399 1.0953365258937535 1.1633714847190615 1.2160040744135359 1.2424153492469963 1.1146819917834545 1.1465915351011593 1.1720010641212362 1.2434437890593986 1.1821528711030977 1.1738190341808872 1.0928519464414341 1.1136161574252184 1.2348331880894947 1.1802479980966314 1.1896251298708012 1.225606780002322 1.1579656617810214 1.1378526185606785 1.2017458444116045 1.1620159055940131 1.066141417057234 1.1427298710645077 1.2195529413872952 1.14535004205979 1.1988679985763881 1.1185354875768465 1.219437242915387 1.1759086621207326 1.183524197374389 1.1189051827283367 1.1427604308873311 1.1604007962506964 1.2320569631111897 1.0906787500477024 1.1514482549734466 1.0995589234612648 1.0890843182172811 1.0787493047117622 1.1052754129296438 1.087691716191245 1.0909011082813247 
0.9397829564754006 0.8323958613641038 0.8053599107466196 0.804637431800903 0.6881808045746274 0.0 0.684339708349895 0.6915641311632825 0.7183495156446653 0.7353227234316113 0.760440445941484 0.7422708406485177 0.7533243491167213 0.7625264933254575 0.8159243373713624 0.7677774975288323 0.866252898644833 0.7783730394227093 0.8555211395898504 0.8210569044528885 0.8796258719845368 0.7851026886606183 0.8425340120464162 0.9141781235983153 0.8694718023740018 0.9570330008972165 0.8820242125829951 0.938893567455248 0.9767032951789131 1.0239912983182038 0.9729803462819405 1.0147057017867211 1.0178004321461223 1.026600965599525 1.0215187491863404 1.013433117505391 0.9861153692803162 0.9948112743256027 1.0988253353817368 1.0638865546779666 0.977994550881183 1.0767961065546547 1.0972004298981854 1.0856580091504047 1.1494491157956297 1.1155684811647395 0.9714269861137435 1.1815462721884207 1.2128103660629492 1.1098902741395729 1.0827488239922936 1.1218157034366438 1.1728024081621464 1.1185247962757237 1.2026181760796457 1.1152359600736688 1.172328264323707 1.1348834915211066 1.102872325044951 1.215616830480468 1.1713649647807545 1.1377215314800209 1.2273064890483258 1.2109329280505627 1.1492475782107334 1.2129622703280907 1.246393074034166 1.2331207825977322 1.072038391725262 1.1306492368424688 1.11690763408543 1.0849818646320473 1.1321727492296123 1.0732197465193776 1.1394319287594292 1.177812876616338 1.160748698571414 1.145030799442142 1.1110121962417046 1.2672559510617707 1.1577672750421697 1.1872621286253182 1.1337455179812168 1.1302970247651516 1.1576537302525538 1.0955251931529004 1.2318941949630207 1.190954608314806 1.2419920842652112 1.1330955455668763 1.1467806057128356 1.066817050957959 1.1251390707541071 1.1407607399969075 1.0799019655180482 1.1388599542086706 1.1347325433011912 1.0486586697108329 1.1093595536525152 1.127808664486355 1.1409019069408033 
0.8952726461379267 0.7891727922734073 0.7785392535470141 0.7188149150648215 0.6607543080474856 0.684339708349895 0.0 0.69671966527657 0.6771018108611699 0.6413356100041192 0.7033166704405263 0.785482465326018 0.8094981137976118 0.7762317570379744 0.7889524834913672 0.7739017402784201 0.8962708279953768 0.8463049960933422 0.832159995826949 0.860623680004738 0.9467975420630392 0.9154500154576073 0.847654136865437 0.905591271424975 0.9513884600780493 0.9466196531871209 0.9545576883255132 1.0070791531560648 0.9896196469064124 1.0360449926674757 0.9862019796589921 1.0173959124093985 1.003256737958789 1.0353920094602274 1.0083100070328022 1.0451643337898373 1.0375804440854917 1.109318301376134 0.9873926286803991 1.0529823836096526 1.000220626639521 1.1039380531523064 1.0753717570247499 1.0512569011710642 1.1159033719190596 1.0930995706229942 1.074269924768485 1.113793506117076 1.1819298576356827 1.1420285205852074 1.1414849584497915 1.1299807936529167 1.1544435692266886 1.2164130672307643 1.1888782133800029 1.1067736937371508 1.2536861392291025 1.1145054351585786 1.136098045008223 1.2170513210110956 1.065541543778459 1.1091828145119071 1.1459668758894281 1.236067409137239 1.1496487514005507 1.1407157422263785 1.1287886433380598 1.1926854505628048 1.1207860436748927 1.247694896933108 1.2060670433345626 1.1505541510332158 1.127112140454023 1.2055485860410153 1.1877854832361363 1.1335429408533526 1.107416413138349 1.0977063535298026 1.1419690762771644 1.20572736852073 1.116224440649813 1.1123561089484664 1.1250435778451717 1.109211859565775 1.1553257399951005 1.1068695231472512 1.2092130816418647 1.1209920702745921 1.1220617625467006 1.1547851599917967 1.1765563015727776 1.1301498461386204 1.1701796909648943 1.15687737918883 1.1215851312741767 1.0933526738029298 1.096635947309126 1.1077909881487427 1.1326297590938972 1.1271766798399625 1.106459175463556 
0.8635866688220738 0.8579345973725724 0.7219982086743038 0.6880410293028577 0.6720143796608904 0.6915641311632825 0.69671966527657 0.0 0.6137670943528146 0.5606000202437655 0.6568612966090488 0.7345850406070731 0.5732179088095056 0.7533780999026872 0.7627351274626357 0.818178465306824 0.9645347929959996 0.8701775127249979 0.8150454505189008 0.8883049396674843 0.9985007463239148 0.8764720230287861 0.8674792775844504 0.9804549226143688 0.9308206793412859 0.9277183604882506 0.9569937094589696 0.9605538213703962 0.9752198121990701 0.9835218405471023 0.9907482766913595 0.997948456491366 1.008114756457295 1.0580447742677965 1.007409484022535 1.066243276618987 1.035625435354196 1.0891970857524182 1.0713321789096861 1.028046616678026 1.0095832725555614 1.0298117378525984 1.0670011333995284 0.9916902058975897 1.1428607172530592 1.1212637322170687 1.0896314558981752 1.1455343158325342 1.1770526803755992 1.1229681528741313 1.1239479461590003 1.1265678309970117 1.1503637919515182 1.2316930670494828 1.1862648255087243 1.1666896666048145 1.2111926832302142 1.1011559357644167 1.1356361892649534 1.1979725105085617 1.0726396620996506 1.125093260934755 1.2194291322285815 1.2190163786344488 1.1213799528819108 1.2408752264180418 1.25333726362727 1.188595689732005 1.1190949633647806 1.228341150285873 1.2270637373109388 1.1599894064070624 1.1880935821488527 1.1921501168114759 1.1914875524070325 1.1630624922339798 1.1553138569472974 1.1067564173099513 1.115849404157962 1.2237877001169992 1.1661975485762084 1.152414621677717 1.176391096710926 1.1532476974456882 1.1674406894220577 1.205433920529703 1.1623731174626803 1.1679975185053593 1.1902474364154294 1.1588839859150761 1.132964620746199 1.2059307039300338 1.1246021926883385 1.1038670915221949 1.1105995992058357 1.0772833175434977 1.0746026357818914 1.1495510857630733 1.1229636699637373 1.1331646531600832 1.1001909637920546 
0.901205728615177 0.8944441713536999 0.8052192984996707 0.8024624717703924 0.7399641070938776 0.7183495156446653 0.6771018108611699 0.6137670943528146 0.0 0.6905636056832651 0.7392045536826679 0.7013473280107292 0.7172761690661416 0.7289757734144076 0.6969464517306501 0.8129155558056393 0.7755617463189601 0.7452355660697858 0.9217233663975837 0.9114014110728362 0.9326887867978834 0.839278836867574 0.8406991374983295 0.9297739391201203 0.9939051170323566 0.8545614583248592 0.9762707232837422 0.9644814316464997 0.9828811677777708 1.010027527204381 0.9879940036027205 1.0253295051513558 1.039226610577481 1.022209674868631 0.9753708044700777 1.0632480384347398 1.0254501875870101 1.067413410547272 1.1140383941367336 1.007002713338372 1.1226275470907134 1.0871607511682548 1.0494147558051348 1.027265668731292 1.0603301489240284 1.0951049060975515 1.0699710857693596 1.1154752526730032 1.1379745015546725 1.0972734495313727 1.1168670811689463 1.0977830948063612 1.1109114069831527 1.2917042289360285 1.160585612892144 1.1477691915823973 1.2129049607147204 1.1244757852737783 1.1741257334120963 1.1735015894677294 1.1644477324970088 1.1477745929148817 1.2599087513853306 1.1801342109923252 1.1080754497393133 1.2771487421266365 1.2102352038300146 1.1716140238271266 1.1303951492462687 1.1457685469764338 1.2293234247055056 1.0857874733970672 1.1336646187163688 1.1440705778667235 1.1663073077885666 1.21283105288061 1.1578317378803307 1.1193290127374536 1.1744967208898593 1.142803798133155 1.144530818803508 1.1726211767068302 1.1704065204314258 1.1939130999147385 1.111544197002169 1.127418485681706 1.2028656944138696 1.1765842278548273 1.1572182418039623 1.1562092274932472 1.1164722544162913 1.1342183787040574 1.1119330709749597 1.0663705299909305 1.1264796647043338 1.0926334706982113 1.0722848390214976 1.154824317623706 1.1334270095945982 1.0609796350282426 1.1261260504356654 
0.9300100421767578 0.8310391796972914 0.8065294852292577 0.7236916543152629 0.5964236060100196 0.7353227234316113 0.6413356100041192 0.5606000202437655 0.6905636056832651 0.0 0.681610187506893 0.7084914405001563 0.7981636853465006 0.7722497751375137 0.793143405310909 0.7363701050958611 0.8060189547713325 0.8958698433395341 0.7889019812670144 0.8183328796042109 0.8699643281704648 0.90262519688907 0.9250752463406472 0.9710860337105252 0.906117277975735 0.9250634822381423 0.8902247450704555 0.9446648129353887 0.9637149489551539 1.0258573759744665 0.9710123942966925 1.0372144725830825 1.010667149237369 0.9431292589308556 0.9135377449544948 0.9107753124655953 0.978634082944073 1.0298035295910144 1.1744989103526418 1.0516867887612091 1.0011499792065794 1.125499510603653 1.1106007851942186 1.066815033242395 1.0948322527332235 1.1107283626574627 1.0264855737642198 1.1458152786396556 1.2258790168440679 1.1250550518271354 1.0318789569079623 1.155660375826143 1.1913660090653286 1.2796306211338029 1.1876333275034812 1.2185408990389643 1.149098168426886 1.1006403642757872 1.1461861556223616 1.1596365445338785 1.1295588201215176 1.122698067567218 1.2308714647999182 1.2568251966392074 1.2232591539039077 1.2763221254462591 1.2355346452089426 1.2301149194394565 1.1409900858766808 1.2435372241501634 1.2203338818693228 1.165006168901071 1.1758499442476316 1.173824565114935 1.1530825140324046 1.1281629430983162 1.1217163617766872 1.1609722704158496 1.1041160772144065 1.2043660467601438 1.1371144657497907 1.1657150516238532 1.161205945360552 1.1019521798930814 1.1714796198765984 1.2071456016844135 1.2788707004835964 1.1904182368822738 1.222098064517144 1.1190313551450892 1.1443854393188195 1.1646306247163716 1.1296502833985131 1.1181425814831019 1.130359136055691 1.1080725888042156 1.1194022534735482 1.1474160832761684 1.1112970467442067 1.094392186519624 1.1270666838802696 
0.861467980624353 0.8456636855928245 0.7908739286977089 0.868053036673787 0.7242609499188856 0.760440445941484 0.7033166704405263 0.6568612966090488 0.7392045536826679 0.681610187506893 0.0 0.7405070279438846 0.6615652305997031 0.8060908410648259 0.860559548974081 0.8509451821657332 0.9344714798654732 0.8340159874313015 0.9182219852872536 0.9689485328873736 0.96993740892519 0.9799873527738953 0.9394580874225693 0.9610943862916999 0.9532466050631424 0.9753105669304833 0.9219821751221405 0.9657452151160568 1.0104975699974172 0.9998954305488069 0.9807128022132967 1.0433378235373891 1.025674420776825 0.9797071673353231 1.0429131856160272 1.0272654502817777 1.0457144299974064 1.0476245470674648 1.0701214183700005 1.1158945506495854 0.9840363825593923 1.072110209362494 1.0506309984209454 1.043995602197499 1.0834108494133092 1.0867083530954091 0.9108091263101374 1.1490092674361718 1.1664910261216823 1.1160656131919382 1.0460048193396747 1.1133367690845721 1.1430982685176914 1.118121437803201 1.09211268086226 1.132536497118048 1.1618140096321736 1.104250859109722 1.1229220927388912 1.1128849395776188 1.1477478524832019 1.0726060473688674 1.1786440921052428 1.1591575118461703 1.1639518862747402 1.2514556384364472 1.1492924929710144 1.2001491612282098 1.140701954123701 1.1991698111083733 1.159086387781929 1.151355586829846 1.1242938756211183 1.1472704098915876 1.1609201855440465 1.150334678586474 1.101781582648571 1.1236528835727273 1.135291290843008 1.1369381729404715 1.110982221705227 1.1428516166282239 1.1127310873555785 1.1400865953172346 1.180278888209711 1.2226668538339338 1.2040632593388656 1.1046637043053231 1.1330771935045179 1.0967217087034904 1.0575870829916711 1.136962755376089 1.0801026098641318 1.0827573646587056 1.077893003350093 1.066735070926407 1.1370861203451665 1.0986933047296814 1.0935869601087473 1.0784845399786813 1.056881677759822 
0.9505731146547038 0.8873738859990589 0.8705229542083555 0.8059759481788304 0.8307494211476822 0.7422708406485177 0.785482465326018 0.7345850406070731 0.7013473280107292 0.7084914405001563 0.7405070279438846 0.0 0.5680297228446634 0.6003964847987941 0.6800816911723346 0.7415266312501159 0.7799179030463386 0.7760333614895241 0.7611650526552276 0.9380285477798448 0.9677016614455568 0.8636294518033162 0.8334075062629949 0.8776294344386874 0.9296559010787125 0.9141282308397463 0.975611753211441 0.9362173132506878 0.9642848808463078 0.9442505255205784 1.010561409448015 1.0078955931369293 1.027710839969167 1.0141512426402894 0.9662402102737169 1.0118185324720657 1.0138282745797709 1.0681233243861235 1.0121848952781527 1.0746486196711775 1.0335095640171459 1.0744165074018175 1.0753647162891002 1.0470203466227164 1.0703243329001544 1.1179426014362983 1.0790279566095367 1.1653246604330902 1.1610230127490424 1.126797909692721 1.0748888297808035 1.1148396289129456 1.1580081076074469 1.2310655396491101 1.1079805323393375 1.1495174846035128 1.193973583980541 1.1094474373581256 1.1432615304545122 1.2143873447117453 1.2021963245179947 1.1164831912025475 1.2037148108353506 1.1401776340424765 1.1640411699485869 1.2582410536824287 1.1986115746751413 1.206292724381647 1.137490170556506 1.1878319179248715 1.1854110791684673 1.1195991257416926 1.1569129945511067 1.191436793916856 1.1184808718797146 1.130572509872874 1.1174875041319074 1.122276378174635 1.1599065604107006 1.1918411224637309 1.1384389406798068 1.1606567830057255 1.1149720305146202 1.0896413928167292 1.1960274461624827 1.2067519691395043 1.188466074243337 1.1521868872738623 1.198372978678122 1.1374371855089647 1.091667721628867 1.1827037396266178 1.1530703794323656 1.0995701351332852 1.163374078600425 1.1279143669312433 1.1402881941346426 1.1208259144237545 1.126749739196281 1.1250862608006522 1.121814062838431 
0.9672461613349721 0.9371661557000017 0.9271551469273792 0.8025402027028559 0.8058843435581047 0.7533243491167213 0.8094981137976118 0.5732179088095056 0.7172761690661416 0.7981636853465006 0.6615652305997031 0.5680297228446634 0.0 0.5592990359721514 0.7098673953526327 0.6423564046210029 0.6214147306445599 0.6929153329566708 0.8523705407992788 0.8013587388946539 0.8710288510894995 0.8638781282747849 0.7150373892226524 0.8482746935881801 0.8312492980185648 0.910769112452592 0.8188074442848468 0.9302697276003449 0.953462930236446 0.9592828935757276 0.9066255295581316 0.9905621417224454 1.019206682557427 1.0278895848294238 0.8859558220256522 1.0013481938666091 0.9981592000079312 1.0277611707280614 1.0410067719174978 1.070328080125675 1.0072608749849374 1.0069963708722585 1.0954857269840148 1.1313474882623173 1.0608632215959723 1.0974099140848668 1.0048326823790885 1.145050824192356 1.215729541083526 1.1223920434842498 1.068386030747666 1.081268805328816 1.223768697140428 1.1051242830989307 1.1788818128808753 1.2110747213551727 1.195115421944932 1.1154493122212608 1.1106036294311756 1.1751693741883273 1.1582529784951947 1.101758426230597 1.2503569124875944 1.2563767634856733 1.2408220614135717 1.2447666776155164 1.2908109779585044 1.3077258618270706 1.1686570859641963 1.1913168632211566 1.2243849448207558 1.049656417783612 1.25549699073919 1.2435855114710346 1.189411033369032 1.1396565829093968 1.224214250284211 1.1756603004886812 1.2274390696791777 1.144766887712785 1.1962039032209235 1.1500884191767926 1.2099244277898502 1.142506007698337 1.1685573108167777 1.2824100221040324 1.3570008107738742 1.2611728288628496 1.277735743772059 1.14292812074066 1.2131564465548572 1.0866924863833043 1.1677569940065007 1.129320993955508 1.246631406721225 1.1121855696929108 1.0736848147813818 1.112448869918773 1.0644448905377006 1.097186416630188 1.1394113726650188 
0.9415262889559354 0.9004534235007378 0.889271311326152 0.8472328172267846 0.731940158987218 0.7625264933254575 0.7762317570379744 0.7533780999026872 0.7289757734144076 0.7722497751375137 0.8060908410648259 0.6003964847987941 0.5592990359721514 0.0 0.5910521911425203 0.8092979643125843 0.6473801243390888 0.8389425335039339 0.8117004781699192 0.871784498343351 0.9399023849099479 0.8655043424753304 0.9010887072593321 0.9454968454246657 0.8913503693716853 0.8597996166228012 0.9294662951204411 0.931151101032799 0.9895984018199887 0.9768907193352423 0.9961485234640293 1.0317056696728424 1.0302851086258318 0.9995162322248502 0.9849321184311712 1.0386450128644262 0.9829953338286571 0.9991593157343821 1.091234690535201 1.0172731881598105 1.0652778831798602 1.0087630067893674 1.0884189781589786 0.9635039926709534 1.0117855463654508 1.094248816215936 1.2050236198626159 1.1394795052522868 1.0741126860609262 1.0928084938284248 1.1067338407149971 1.1241649277686767 1.152351786509998 1.1804478973040304 1.191410322926907 1.1575221734221346 1.183174591343688 1.120067905731956 1.1694983230540112 1.1496986582917905 1.115018569200594 1.12738356343237 1.22934975008423 1.2732435635881387 1.1787351223572857 1.208274705565561 1.266714767674572 1.2386431966082592 1.1371460572735588 1.182072241963424 1.1710914203710678 1.078097053497683 1.1955336476331688 1.165733191026636 1.2492301802207781 1.194296333994993 1.1682362657252694 1.1163804286401033 1.0937742188436674 1.2321832056753483 1.0752804835022682 1.1312755173896893 1.1576605630552905 1.1388462074445653 1.128638409617608 1.218682546022937 1.2210622155253748 1.1671291336032619 1.150931819390494 1.1059851949100503 1.1592166671845965 1.127363760444886 1.1447031445688158 1.0957901723949197 1.1098959435597666 1.1115937854054294 1.069165966939207 1.1486338528225113 1.1249440791091918 1.0690927276803908 1.1340751405817133 
0.967169034848712 0.9092215393876223 0.9186321514203923 0.9519023181254413 0.8644497805073025 0.8159243373713624 0.7889524834913672 0.7627351274626357 0.6969464517306501 0.793143405310909 0.860559548974081 0.6800816911723346 0.7098673953526327 0.5910521911425203 0.0 0.47204762001033573 0.6768497594918679 0.7589225178303318 0.7613904198201663 0.8424444146896555 0.9204373804415311 0.8025276751124734 0.7788133636143894 0.8548667345079606 0.8807780871971249 0.8913468387726998 0.9277441798911167 0.9219133940717396 0.9593466409857195 0.9602897969174293 0.944127649665477 0.9796473704529831 0.9807466461021667 0.9669040257946003 0.9816981923686213 0.9629916547470017 1.0233502486181032 1.0183792172031125 0.9374303805373589 1.0691463111902233 0.9474303504812954 1.1088139274976516 1.0720139421529322 0.9909659169730601 1.0923871331003867 1.0474889631653745 1.0674798266105179 1.1995483989300275 1.1567540716200007 1.1406660106997963 1.088018813068887 1.081853973417696 1.1700964802644287 1.1415192679985238 1.169530454165762 1.24294582886836 1.2209972628722385 1.0799310219243514 1.1614940368874116 1.1072658565461562 1.2097036583007013 1.0983777043251612 1.221173206185852 1.2512341502453619 1.1549172742941383 1.2127192061116878 1.2656187505829537 1.2148556830670232 1.2228593655944822 1.1708857131678945 1.158114940235563 1.1692202557695697 1.144455355155076 1.07545375970773 1.1671141128227784 1.204582218368763 1.1210594035882195 1.1235601215972895 1.153103311719775 1.1801691604625346 1.0980493564578213 1.1805423202494885 1.1695529188234748 1.1224855285905142 1.2255630419562993 1.1984359620719014 1.1352220524622474 1.1638440329543096 1.1240745970768315 1.1368536754180474 1.1290569664360042 1.1389154268241422 1.1379198925370453 1.1912557457663726 1.2268776119637212 1.1151330090805027 1.14356332590495 1.157543620991559 1.1036144995108421 1.1227883889097243 1.0445620488915008 
0.9762684284145885 0.9094142703312015 0.9270984392592576 0.918574743069827 0.8068703803730125 0.7677774975288323 0.7739017402784201 0.818178465306824 0.8129155558056393 0.7363701050958611 0.8509451821657332 0.7415266312501159 0.6423564046210029 0.8092979643125843 0.47204762001033573 0.0 0.8107578470605614 0.6393102056322792 0.7314719429778195 0.8199230006765833 0.9502525777028326 0.8306090279612023 0.8999142635120881 0.8768622090443762 0.8972158213116239 0.8106342188431094 0.8599481211141309 0.9386843489781828 0.9876947947066302 0.9123919315232127 0.9911344339066723 1.037995036601812 1.0227388742323198 0.998728047994507 1.0092317749517286 1.089834217918852 0.9997722802159577 0.8749995644238795 1.0405832103462904 1.0169719898605938 1.0482231655602663 1.051747034628076 1.0417259127239975 1.0464756328405909 1.050446353414416 1.073172753734104 1.0670925058980616 1.0969413174784617 0.9695883092418385 1.047561992247249 1.142104693258686 1.100600270597978 1.1824991283472284 1.1342893599101116 1.068257514345672 1.1527627811896624 1.216007427371702 1.1774665138879075 1.1804059458086202 1.170356270365039 1.1380652264166555 1.1310278473723325 1.2566623902523748 1.2373176306607676 1.2288805117965613 1.1818267488246263 1.177594001448337 1.2207057720338295 1.1363906220831903 1.1905724397970494 1.2418658450595979 1.1329940322134646 1.1801460210727257 1.202416497462519 1.1074416959603595 1.1951242722625146 1.1376975831807934 1.1149893198808196 1.1847128637910163 1.112496787181914 1.1018838590623785 1.1068595058357744 1.1269678630357558 1.1496960861153709 1.2078128647832742 1.1807548131920502 1.2657389236245167 1.1055337376379823 1.1566534205235282 1.1094973119245364 1.1180841524609415 1.1569094975423941 1.1006507600433038 1.1526348070045995 1.0842374258275673 1.119282273774007 1.062620037237183 1.1228690381565878 1.080610870795641 1.1137249908904174 1.1282155506786176 
0.9286313557809794 0.9083686359905317 0.8289487857290389 0.8434859831373354 0.8636513923089879 0.866252898644833 0.8962708279953768 0.9645347929959996 0.7755617463189601 0.8060189547713325 0.9344714798654732 0.7799179030463386 0.6214147306445599 0.6473801243390888 0.6768497594918679 0.8107578470605614 0.0 0.5915590014702115 0.690826147520164 0.7672292350716357 0.8840743923225152 0.686435642231185 0.8862792833897399 0.772295770553104 0.8874534940340968 0.9799772899362394 0.9006776597916981 0.782806438702405 0.9121866165820849 1.0176118606894446 1.015887953522326 0.9965652051128097 1.0110879177173488 1.0016595627124636 1.1301232784714839 1.0372981976537683 1.0034795107788408 1.0586540703999066 1.0450497155470293 1.0790297064527583 1.0082955452676432 1.0497287813758527 1.1252524442807734 1.0494279930854895 1.098519255096828 1.147366465279084 1.01152469727049 1.0955035734955716 1.1496966817937455 1.1683187686876966 1.1105566889965448 1.083965700579289 1.1299153221955602 1.0659867110401884 1.1534997293881613 1.0970963931412845 1.2131378208536563 1.13400143288994 1.1223633211408677 1.1791766865096558 1.125857233895722 1.1439357140667248 1.0956986866534877 1.038969131944188 1.158603928551961 1.2382749183590518 1.27311366158889 1.2545710597508974 1.0691120095565723 1.208143392628548 1.2560309898059745 1.181868909051524 1.165361872721832 1.1896929628494264 1.1457270367283041 1.1867553192982458 1.1284893014750241 1.1310823631512885 1.2400071784337563 1.144981662201054 1.1090936022030768 1.101056110444734 1.1365979318400588 1.1219802124269551 1.1799794277057751 1.136889372815383 1.0466749524621484 1.2129557332739902 1.129631299861953 1.130189398308803 1.1446101161064342 1.1519219702424854 1.1471589121463324 1.1297398325055314 1.0686391362682839 1.1244897566123389 1.1584136538752454 1.0564051405302537 1.0992002786088546 1.0978664834713459 1.0495927911167502 
0.9704040136928926 0.9121691385311453 0.8917465976440297 0.9142052235280856 0.8176101738437787 0.7783730394227093 0.8463049960933422 0.8701775127249979 0.7452355660697858 0.8958698433395341 0.8340159874313015 0.7760333614895241 0.6929153329566708 0.8389425335039339 0.7589225178303318 0.6393102056322792 0.5915590014702115 0.0 0.457468911938396 0.6968540662362197 0.7032525703981906 0.8292491322118977 0.7931381767736811 0.9315035190559422 0.8458394056505518 0.8175702877892128 0.8648265182410122 0.9312201220402065 1.0128125954881804 0.9616175840610266 0.9410242874890072 0.9985535368118341 1.0585784360274295 1.0193724661961223 0.9898208269270131 1.0239639399801272 1.0372341475553508 1.080118974775963 1.0722327692839186 1.118532283723234 1.0602768507312927 1.159586376677877 1.1360852656476663 0.9795568347200901 1.1146244884994023 1.1031204601941793 1.1971242010965935 1.1366490049282219 1.1754130814490245 1.084419297496696 1.1004618736300051 1.156885000606253 1.1120107823927012 1.1555990096144408 1.208183217308248 1.1407093149657288 1.113071332415339 1.1119123349420867 1.103666477316732 1.1909720173725202 1.105769046259187 1.0953431600791752 1.1748277096044637 1.2015834375758694 1.1107194655305146 1.4035224132593027 1.2367844084394073 1.1983594581457586 1.1322519280717713 1.0730330467241669 1.1195274928929373 1.0727013478252811 1.1466617856953705 1.0534796293154296 1.181460227130239 1.1304782676779037 1.1884926252714982 1.097908071503905 1.1358042034953808 1.2157163399847761 1.124208459645491 1.1136793293441107 1.183441918329966 1.080943874186492 1.1797698800712464 1.2122240322630822 1.1995882819544899 1.168508914821071 1.1492004505579503 1.1186435419559915 1.1571372911065778 1.2413634744745452 1.1685343884907347 1.1143747277479676 1.0874863456937631 1.073864481236455 1.1596008296786255 1.1344737293564262 1.1039975452210464 1.0856553148555748 1.1343616785085204 
0.9919531321346707 0.9370988584717503 0.9242573229260918 0.9042992977185781 0.8989054831614188 0.8555211395898504 0.832159995826949 0.8150454505189008 0.9217233663975837 0.7889019812670144 0.9182219852872536 0.7611650526552276 0.8523705407992788 0.8117004781699192 0.7613904198201663 0.7314719429778195 0.690826147520164 0.457468911938396 0.0 0.6393592180324511 0.7924179864537113 0.7154975005372642 0.7867507607838445 0.8116479228031857 0.8872773784390596 0.8392972347333769 0.7961213389116859 0.867115040918231 0.9423322313667571 0.960008393893353 0.9474171434374712 0.9619511017005176 1.0459013652995601 0.9607397434186721 1.0070314029283793 1.056125936030236 1.0151860523709595 1.0351111871915666 1.061955905961706 1.042981026604823 1.0823452072157276 1.0864894428106584 1.0935933236288802 1.0535669789811335 1.013538491473671 1.0838142022367552 1.0982335711672957 1.1516997199898094 1.1874370807502155 1.1119802071417484 1.0909634684262774 1.091471687071034 1.1297523172040476 1.1817290669832101 1.1791306685652334 1.1387655304597237 1.200268246429965 1.0926327474408475 1.1132229425153601 1.2606546102091163 1.1870949039644993 1.1219669487609387 1.2337221613831075 1.31799445369111 1.1794853366638876 1.2677737651844687 1.2255906889242765 1.1308680564558213 1.0877119437243388 1.1595348864142254 1.2914242761459576 1.1359596968691412 1.1796900007009126 1.1070488301860613 1.2042978237838917 1.206238953058669 1.138205360707436 1.119750328864432 1.1089443855686236 1.0192042394243699 1.1032039809843757 1.070649323417941 1.1261622720226536 1.1993545158239622 1.15035152389782 1.1444295166271514 1.1980783234021604 1.2312784586796017 1.0738628096043743 1.1778011340090602 1.163075481753067 1.0419374676064141 1.109525232385119 1.0890617374461729 1.1439524360937348 1.0865724529388425 1.0712480599813148 1.1474250650564597 1.1420445018440883 1.0604524240223865 1.097110750752106 
0.9783364539786135 0.9404248379804269 0.9867237322404101 0.9221899570013726 0.903574401435473 0.8210569044528885 0.860623680004738 0.8883049396674843 0.9114014110728362 0.8183328796042109 0.9689485328873736 0.9380285477798448 0.8013587388946539 0.871784498343351 0.8424444146896555 0.8199230006765833 0.7672292350716357 0.6968540662362197 0.6393592180324511 0.0 0.5963789377089637 0.8154890324597016 0.7917167763598304 0.8899866841095587 0.9058950749987783 0.9016704656149908 0.8170383839394348 0.904134315285219 0.9484887590225082 0.9608801838919236 0.9783886982588774 1.0480966880786367 1.0199396899864615 0.9847030741912135 1.044199681077707 1.0272392999755355 1.0096641896803613 1.0516588262319118 1.083392473207722 1.1166545670251724 1.0281767790441316 1.0537638019910458 1.0688948776772227 1.0584737145391356 1.1089446660807387 1.061756421198593 1.0811719914674327 1.1251097424609269 1.060046549432249 1.1393389380154388 1.0762738734296393 1.079861845889342 1.0925548157368643 1.1447796593541089 1.1075356098076883 1.088468112067938 1.1099893430540027 1.1069087195291158 1.0631455690512304 1.1548430304539448 1.1149977877482546 1.0798585670391638 1.1395335632436623 1.0959502819541602 1.1648665543733492 1.1556587297315741 1.1200416408186165 1.2594483098103457 1.0774246530369516 1.1436385221998435 1.1748565783204037 1.0977031368648829 1.1525590552724705 1.148689888510617 1.1190011171470393 1.1213292633675844 1.1193326948398346 1.0997891865771614 1.128024970777002 1.0764901127244575 1.1092353595580833 1.1322868903441181 1.0988141982201467 1.0893333048331866 1.115163239347089 1.1881324173799817 1.1263708773287626 1.0947011121239218 1.1351004525108537 1.1061478217961447 1.0945979660117524 1.1573506482465532 1.1665089164387392 1.1345839902800292 1.1394140548681815 1.094602675926945 1.1082291165468576 1.0737538278711038 1.1089852379302585 1.1317156815140113 1.0795377644549717 
1.0152365970604567 1.009893301112985 0.9976792755054791 0.9859906327967544 0.9064633049130598 0.8796258719845368 0.9467975420630392 0.9985007463239148 0.9326887867978834 0.8699643281704648 0.96993740892519 0.9677016614455568 0.8710288510894995 0.9399023849099479 0.9204373804415311 0.9502525777028326 0.8840743923225152 0.7032525703981906 0.7924179864537113 0.5963789377089637 0.0 0.7497687202091992 0.7611838129521481 0.8058925902041725 0.8822621401021749 0.7907038485022972 0.8182868117223802 0.929914575249977 0.9589443946853988 1.00084025646811 0.9736228603376087 0.9968507702860641 1.033501282166783 1.0008011301165007 1.0548502005269724 0.9871482027185241 1.0454854743564927 1.0328421988706697 1.0064905668799569 1.0773574505123924 1.074541198799431 1.0415106083301142 1.0840663096884637 1.0591821580132812 1.0742470937345379 1.0256437181853968 1.1144518368575167 1.0910214464869872 1.195456021954116 1.083137035703643 1.0956485785276309 1.0681543289474271 1.1165049273189562 1.147583948768847 1.0944489647591602 1.0830215917357136 1.0996839391815827 1.0806636325996148 1.1025515047054315 1.102706394405361 1.101048448695179 1.0875236497947207 1.1135673893013713 1.1351796055464054 1.123026959547959 1.1343358413799114 1.1672163113737004 1.12450000167587 1.0770475731019227 1.0626134717082276 1.130569295007077 1.1008086643924602 1.041901505655576 1.0830391523325789 1.0894576807077894 1.113339963803498 1.1041806796809217 1.0909031655410042 1.0929653801481212 1.0892370360152652 1.0353428399703803 1.0999720861275857 1.1122409500963966 1.0894250470653724 1.099679610105913 1.0630443395542044 1.1344409472424053 1.158502080414881 1.155543309102152 1.0873119073127782 1.106627324363719 1.101963947200996 1.095128433313593 1.078847617033271 1.1060161559550201 1.0537488941215238 1.0895552736457532 1.0870851216243484 1.0940435094765038 1.0621253087174731 1.082473520051234 
