0.0 0.8512191868537158 0.9583073138365659 1.0114189880639215 0.9359145357220487 0.975788264361565 0.9942200401774981 0.9652955506123154 0.9802602133692901 0.9153258720063873 0.9683168495640295 1.0478128757060314 0.9946487012690945 0.9266559334356843 1.0196753149276054 1.0130592994202492 1.0754918487310472 0.9878323980097122 1.0338377649301347 1.0229075380475174 0.9884113208857207 1.028288882898568 1.0051239203298623 1.0152536974049675 1.016323931022968 0.9989592419413313 1.0329618008164347 1.0365781957727012 1.0198451341432093 1.0050234971132168 1.004481737934137 1.041385818988768 1.0254499657771605 1.0852378574209662 1.0646861528498348 1.0563730138572807 1.0693667806259448 0.9970295867402899 0.9925186210480644 1.031971943811163 1.0392668567618035 0.9907289591742169 1.0720926081616375 1.0437125700372996 1.005513910543416 0.9826305067568191 1.088743669328662 0.9799952277764794 1.006466455500367 1.0311669884070649 1.0116367597231806 1.01727853929429 1.0330406256106572 1.0550558088924762 1.013883835585937 0.9433065343706204 1.00934059507775 1.062374008597518 0.9603962776338842 0.9914313222482076 0.9920447890403509 1.0099763316785841 1.0716563343752812 0.9977278498095081 0.9994186794267517 1.0507197602612337 1.0440293109211782 1.037084812195176 0.9945948058696166 1.056173247424696 1.0037033230141608 1.02209470760672 0.9990022300488061 1.0235388240388499 0.987746442471299 0.9786881026042952 1.021013712233924 1.0349399667712358 1.0081003749246689 1.0171989012810871 0.9850176623184485 1.0677596579415705 1.019737509043703 1.00203487579338 0.9899282645989841 1.0066100946701675 1.0330658858939163 1.0150264733060048 0.9739659541546066 1.0772104738413568 1.0045731368850432 1.0361480595634271 0.9759911264488897 1.0725691401471036 1.0675308401596681 1.010513735949905 1.0571524788273818 0.9966490635313403 1.0093838992994346 1.0266329708161914 0.9869588912070992 
0.8512191868537158 0.0 0.9043974670071814 0.9708836316117035 0.886939522826774 1.0113080819017544 1.0025108705655212 0.9975070183849724 0.9645742875221376 0.971627913419789 1.0762115067196596 0.9835298066133259 0.9869323256705584 1.0069148082277857 1.0145840575852567 0.9867724596809611 1.0475103662343188 0.9587534763765109 1.0086807126245967 0.9514773137417515 0.9798096307893542 0.9751383227420973 1.0139509769262591 1.0691883583137092 1.0075721811548735 1.0119753551561075 1.0605612250993246 0.9809045370799181 1.0285509908467627 1.0622545572295186 1.0210858245990821 1.0459922063926246 1.1147295518715172 1.0361824158180026 1.002358741250901 1.031525280760443 0.9994583498428373 1.0049544867483147 1.0746011624735536 1.0173683371969933 1.0420223211220332 1.0347075295448802 1.0430925364726924 1.0508275002592216 0.9968157946893677 0.9998144375097056 1.0189702119298665 1.040390385378633 0.9780331831272573 1.0881034112193946 1.0283703464635667 1.0265201583960277 1.0076128652246832 1.0407069030668716 1.029979449098211 1.111539550415003 0.987961813372208 1.029887274239642 0.976176671724895 0.9850189924209986 0.997109476584336 1.0345212317461034 1.051684341526867 1.0396845992834631 1.0065465442061976 0.9837987613390492 0.9594976220831387 1.0427499370367235 0.9939747408123693 1.0326805964319967 1.0809130742562543 1.0450101806101806 1.0324569026538863 1.0028033508561083 1.0060883775116014 1.000977070714035 0.9795194714337513 0.9767953745699244 1.023442774694501 1.0042529758584735 0.989176308828609 1.013360768574326 0.9595673959380572 1.0131561536117444 1.0393883305780003 1.0494442919576499 1.0386435849060127 1.024063111299592 1.043211358334486 1.0460450887903032 0.9927954215835935 1.049543970180093 1.0264932436771912 0.9865511353252093 1.028928334683104 0.9748744205120782 0.9962821890540058 0.999626055805294 1.0178760336626387 0.9920962323989855 1.0034877098216033 
0.9583073138365659 0.9043974670071814 0.0 0.9140553974149742 0.9125652529559304 1.0034383515819425 0.9806854285257807 1.006576885143167 1.0110929746651414 0.9835033540542621 0.9875780664922023 1.0310967197676382 0.9846862204880199 0.9509136158573351 0.9822927727301846 0.9881427673243246 1.015775795973883 1.020995706305769 0.9937778635995251 1.0451844753029285 1.045431440065033 0.9935455620945458 1.0241939559556856 1.0042242892910718 0.9758968691640206 0.9647650953234181 0.9848303875951429 1.0169515997384229 1.0709014402757173 1.0313075123311002 0.9976247640184684 1.0554594896722598 1.0415308448060978 1.05889744847335 0.9960749485391396 1.163908220814758 0.9741194177143242 1.0034960938443303 0.9689977123611508 1.0152603985637676 1.041661813221597 1.0316653432732088 1.06111029880326 1.014185954057967 1.0168649871730377 1.0275041712139945 1.1263781154031203 1.0027442994413358 1.018975172319022 1.0095743470167695 1.0396134076015549 0.9996504690178926 0.995291669935193 1.038750163675622 1.0517559398118914 1.0333560590996516 0.9866280868918329 1.041209736004491 1.0051452908445564 1.0482927265347868 1.0202500785134359 0.9469525359888726 0.9980893353772254 0.9869522572293494 0.9809753005271462 0.9897506951450885 1.0459865984493195 1.031918201182906 1.0152956543534655 1.0375890042003177 0.9797996669787649 1.0156566904101445 1.036979450946238 0.988768542556726 0.9969427401033366 1.0379697124603744 0.9861314120321678 0.988853130477215 1.036640406191235 1.0638623864985202 1.012433725245296 0.9867041099116745 1.0387909888770237 1.0101673085956022 1.0476303379062577 1.052356042559971 1.0147399654531872 1.0317769613412946 1.032634003092106 1.0254329067029886 1.0518968616350464 1.042363066793713 1.0422115255475939 1.0242479423482895 1.0044137704154605 0.9706697953912364 1.0352117813875104 1.0214620922633502 1.0181010178869336 0.9723197462954575 0.982370757545408 
1.0114189880639215 0.9708836316117035 0.9140553974149742 0.0 0.9368724350879379 0.9482329268329657 0.9740396696354761 0.9818536514301374 0.9274123718543661 0.9844831172516094 1.0096140872454058 1.0074367493457141 0.9411828363394803 1.0274142353719655 0.9117474528089033 1.026068347714182 1.0323144671417195 1.011368828982258 1.0521079105050961 1.0683681878364433 1.0282643647067151 1.0251001134197533 1.0120215402865786 1.0103929489818342 1.0881017838228897 0.9825743530196915 1.0859661220650452 1.072404125066642 0.9953587028930272 0.9901222524748895 1.014187356549029 1.0034834535548418 1.0056100995195723 1.037572335167361 0.9601081691120246 0.890385279918481 1.0105622365889186 1.0456100428014314 1.022277069716678 1.0602129058464043 1.0154427240560717 0.9954536250610772 1.0647064062288782 0.9605918385289479 1.0714670778321433 1.0146122126787873 1.0607565650404145 1.0070194336867984 1.0039750309527633 1.0282184861529335 0.9604854009433402 0.9980215746036728 1.078332222283098 0.9832792717294686 0.9820593387647053 1.0465530401584382 0.9594428493134141 1.073740455461526 0.8816703282759564 0.9887936498665207 1.0100976349388344 1.0549558979690568 1.0622997652322517 0.8999642924591462 0.9938762925453375 1.0446420844878723 1.0654741606262088 1.0244331624282659 0.9250878346585709 1.0101277972212646 1.0294116589259505 0.9875358357767176 0.9683514896332589 1.0286004715033026 0.9860719968618337 0.9277974802662029 1.0422781433491917 0.9973178330081349 0.9859214654557329 0.9730334588157918 1.088512101051669 1.0508562658618654 1.0131297357430666 1.0625395752318973 1.0063191473606676 1.0342546696407644 1.0096365873695994 0.9952173343636175 1.0408868039474335 1.1499963307069605 1.0702178491179515 1.0512549946869767 1.006333441439602 1.0423813679236942 1.0496196638988604 1.0297336645974022 1.028410080424869 1.017559043492213 0.9742407883784119 1.0636176517672091 0.9933701283954348 
0.9359145357220487 0.886939522826774 0.9125652529559304 0.9368724350879379 0.0 0.8772606321454087 0.9441548045990846 0.8862424962502289 0.8944698775130028 1.0770101237707999 0.9736281972192526 1.081261942705646 0.9476872163812055 1.019485017382255 0.9481540113533385 0.9696066491154433 1.0247479644765152 1.0549289409192246 0.9651185310243148 1.0738855113168138 1.021889465678506 1.0699496268763282 0.9658043723467723 1.0406871815116756 1.0408726063415112 1.0612766810809682 1.0837940329156572 1.2298239371268884 1.0183519037695805 0.9236201048637244 0.9791406922391558 1.0011527022320643 1.0404396270065468 0.9613012752744544 0.9866377696957271 0.9406782137455862 1.069981904599484 0.9566369605391203 1.0094735772312522 0.9547943541084076 1.058506292894723 1.0657907062815823 0.8732861691292473 1.0561943629942312 1.0750273300391553 0.9651624693818156 1.0865276820768075 1.0604095035145356 1.0649093943478083 1.052427234569962 0.9674457677833187 0.9259526662114496 0.9984388782952681 1.0881598925079743 0.8210315038111946 0.9387715205962446 1.0775574214328836 1.0725486658365007 1.068877818371035 0.9469276622129819 0.9379406294422007 0.9780439122403426 1.0749975026544234 1.0184934288076 0.8756796014562359 1.0204629920730128 0.8991026972774054 0.9579912048026725 1.0374642463630928 1.0673965862122243 1.0140477075364425 1.0390069713058558 1.040076252863851 0.9714401010693937 1.1470676475112151 1.0827887675827925 1.0511554117319062 1.0390170465703081 0.9692555713473553 0.9949643538675362 0.9109147472759002 1.0497918149492214 1.1558491555447437 1.096254810546867 1.0000906491465202 1.0430737650843014 1.0237113492861947 1.0335280210968318 1.0054961891135252 0.9386422286667913 1.047022386790445 1.0133351472967516 1.0746828867157814 0.9372868181058374 1.0349873787568713 1.0694795870204845 1.0396154471827097 1.0957705353927816 1.0495304942375747 1.0971460021589092 0.9941387985496786 
0.975788264361565 1.0113080819017544 1.0034383515819425 0.9482329268329657 0.8772606321454087 0.0 0.9537617560698771 0.9683006155755076 0.9699649580248686 0.9017719282223626 1.0875819573710104 0.9217618417065144 0.9735962125794408 0.9715109441045698 0.9430763323712282 1.031613023917498 0.9276503082610841 1.0509723024431574 1.0433449424975056 1.0069132196268833 0.9931906800740402 0.9897224787840213 1.0416563767447142 1.0288389612276465 1.0314188582190247 0.9222800947300952 0.9517002670238901 0.9841624019812858 1.0597462040197938 0.9924129741959538 1.0022769669809597 1.096627429767326 1.0953443223054167 1.0017214306634175 0.9688513012753138 0.971515862709578 0.9738785639449775 1.0124232363138796 1.0408024837147158 1.045541083821654 1.0368691479468264 0.950101516645895 0.9486916780750215 0.9968418453316819 1.0013599536023599 1.0419192137039959 0.9809078352439171 1.0299459212910733 0.9975648138295276 1.0223694679939876 0.9700932177229022 1.0289737332033455 1.0709568268432896 1.0002648319754202 1.0756056212763907 1.012929727829991 1.0249742653717746 1.0065271862771519 1.0032592594136103 1.0143912476040924 1.0213548011376115 1.1135800987249242 0.9990678052122172 0.995460769330479 0.9979491668139835 1.034587162210448 1.048211551145367 1.037289025728099 0.9743036315960989 0.9966281329262308 1.0290297036909348 0.9751589105190485 0.9327089692052567 1.0436640339238876 1.053524887375609 1.0482719698227165 1.0503448457160927 1.0299873039873102 1.0989499833219225 0.9942520612538578 0.9404049920930037 1.076493674562372 0.9870936317723941 1.085644245215479 0.938807115012428 1.0349931329978954 0.9777326736215646 1.0394316855207475 1.108640152166815 1.1084851832116294 1.0715724150229249 0.935334730969021 1.0637054821705452 1.0414571554350842 0.9982156154397783 1.0248775411934459 1.0330838926040962 1.026239160141071 1.061056914947442 0.9824241097273627 1.0059995576093306 
0.9942200401774981 1.0025108705655212 0.9806854285257807 0.9740396696354761 0.9441548045990846 0.9537617560698771 0.0 0.9714688071851837 0.9495120616771271 0.9424692438929364 1.0314846454628375 0.9544282255051199 0.9892102501381452 1.0620196035853537 1.0088636793946935 1.0035590693133511 1.049678373446845 0.9876000095033465 1.000359896570937 0.9476963170240735 1.0058643344731142 1.0255385297090192 1.0182886272906075 1.0018040819404022 1.0570003458739725 1.0525936769915358 1.0030297116738633 0.9574190373354671 1.0318530888400375 0.9975959673280544 1.0116236986774036 0.9795408185164799 1.019120870189997 0.9529877449677222 1.020496394521213 0.9961887580773643 1.0062435473480318 0.9675454109977858 1.0203697736617159 0.9767351527231144 0.9505625416930105 1.034465969656384 1.0275599442579273 1.0434733102531695 1.037479170504473 1.0270061988464614 0.9409170068366638 1.0445569390832254 1.0666566528689838 1.0561455827533697 1.068341542321067 1.0256772993221417 1.0224236823833321 0.9953001963607457 1.0127776060889448 1.0294162162303788 1.0123412550040167 1.00210486726968 1.0443706525935001 1.0040811954695583 1.0352156385857343 1.0513518637200014 1.0341988963738746 1.0361254522706922 1.0590330289146388 1.0277453293424728 0.950448912514917 1.0194551900332414 1.0029103361323974 0.9837512677319619 1.0007314440663806 1.0064109290943322 1.0372675019970996 1.018133870941032 1.0030602187466315 1.000498264491269 1.0230369739659557 1.0129789112259395 1.0194368739577686 1.0154777615089712 1.0106213144497058 1.0372138206916475 1.0185381466412982 1.0473676485415313 1.006355098279787 1.0390838885918132 1.033012181050004 1.0401862253896421 1.0378725159328577 1.0453584621576977 1.0058099934721938 1.0427729704920423 1.0624964086660322 0.976831764246917 0.9951482860966014 1.0146245365735849 0.9714517864841865 1.0578325692532613 1.0222467597229559 1.0018267420653604 0.9992365581058075 
0.9652955506123154 0.9975070183849724 1.006576885143167 0.9818536514301374 0.8862424962502289 0.9683006155755076 0.9714688071851837 0.0 0.9001833215648316 0.9765697668029868 0.9581163534764765 0.9819547586307636 1.0512463671570476 0.9464264437809781 0.9455081187797639 0.9856613923999764 0.9815786834788024 1.0078475442685046 0.9833551205961443 0.9912295819289635 0.9920836202009813 1.0130599277115262 0.9965448135965559 1.0325970240634808 1.0627741104799981 1.0370542476433722 0.9294524555374126 0.9766189302722241 1.0132834495922491 1.0232708319410222 0.9623385309588165 1.0652143132064957 1.0491835347334681 1.014852178504297 1.0425660091320943 1.0770705675592942 1.0096364761000867 1.038193062406364 0.9942505327049429 1.039734624249554 0.9893438680847603 1.0463981561433555 0.9429628494206237 1.0208121491872937 1.0633316594843853 1.0578145391840004 1.0174618300884857 1.0248290498012138 1.0426902970412841 1.0153064535031637 1.045092318366551 1.014827112815306 1.0020956616305925 1.063866956285241 1.0352234249562915 1.0134877631770591 1.0009133251898685 1.0342113727262578 0.9685744797714168 1.0377980325957648 0.9967143774556231 1.0035485005121503 0.9920107735808429 1.0404084041222195 0.9974898525655654 0.9934820880139323 0.9487428255109348 1.014858677214757 1.0203695397711179 1.0389972422885252 1.0083314343588436 0.9959520722285866 0.9591842158226859 0.9513024041712922 0.9815507352612278 1.0407252432549938 1.0219672285480335 1.0412780970245994 1.0855152480740957 1.0082753718299404 0.9486931619494333 1.0615020686891266 1.0047290795443402 1.051290231473472 1.0428801210229637 1.0343840311070716 1.0795613263021782 1.0218149591832002 1.0443727623899486 1.1031985586275785 1.0241591588544166 1.054369471457977 1.0776335049866697 1.0546176750487766 1.0480570594061507 1.0419921841952744 1.0230087141945907 1.0311154696112879 1.0211091646705854 0.9340584700646752 1.014792414502269 
0.9802602133692901 0.9645742875221376 1.0110929746651414 0.9274123718543661 0.8944698775130028 0.9699649580248686 0.9495120616771271 0.9001833215648316 0.0 0.9755546727879937 0.9947977942738776 0.9909816237187218 1.0277617176115041 0.9868889947112351 1.0076138914536963 0.9763657564982602 1.0047086185478553 0.9687785016757589 1.0366516618143888 1.018046807554444 0.9668719893416773 0.9866036236348593 0.9909635891591837 1.0023073059204377 1.0311493629558994 1.0310627037491604 0.9993812814970582 0.872435307264247 1.0782160699999515 0.9716336309576826 1.0485840791390644 1.051345833572967 1.0156343348911383 1.0459863253957373 1.0631393012890102 1.015996039916661 1.0671620012675596 0.9810273021919781 1.0232067674955319 1.0403702774975854 1.0344642353635243 1.0625141646188931 1.090284078328072 1.0291201809257806 0.963987615573478 1.0015552865336244 0.9688227351973003 1.0280239821827024 1.0144920124275874 0.998422093413566 0.920841393389785 1.0317487539873427 1.0175398666855815 1.1520949183641136 1.0098982013118831 0.9402274374712749 1.0148537555950417 0.974425583788639 1.0335921156179426 0.9269189005493871 0.9791771695968792 1.081510376453499 1.0129636345574222 1.0353302094615775 1.0289241066835981 0.9656315220086004 1.040617442371477 0.986717628009406 0.9747402981238604 1.002364465827464 1.0071518619721735 0.996490031029031 1.0413190663174905 0.9975190854649222 0.9701078094747178 1.0091990467924585 1.0553068178884975 1.0045170591115413 1.0077569538474396 0.994240830198633 1.009555916147486 1.027230583653436 0.9724667871762543 1.003349048344391 1.0341614431750237 1.0514922323901517 1.0962936737692306 0.9875384476296335 1.041649933663571 1.0004502071847365 1.1240038321067054 0.9806348131147942 1.0769868442553618 1.061698763236844 1.0320678721509584 1.0322028746310306 1.043649692551125 1.053661736048808 1.0330695631568645 1.013745870186556 1.0805033073412493 
0.9153258720063873 0.971627913419789 0.9835033540542621 0.9844831172516094 1.0770101237707999 0.9017719282223626 0.9424692438929364 0.9765697668029868 0.9755546727879937 0.0 0.967353915993464 1.0135233647927502 0.9298843678576338 1.0324574413417937 0.9610832594392893 1.0313464760482973 1.0692665359829037 0.9604235590398745 0.9717524876413479 1.0243829800180713 1.0144362050242286 1.0469486335183709 1.0093995478083755 1.0511111980888566 1.04516244537088 1.03019380332459 1.1252685242822076 0.9949164998850544 0.990656959847709 0.9928077083569636 0.994848814587907 1.0137709930804764 1.0139802411233942 1.0256130332340023 0.9992498035741555 0.9766156023044165 0.9872508982837986 1.007781134871803 1.0118570212757974 1.0414351417079877 1.0234428034767733 1.0474538606021593 1.0350486249419575 1.0046160745883812 1.0519621623576352 1.016687472487891 0.9492421955093757 1.077982911514393 1.0638001082192328 1.0257727660895453 1.0368762282993886 1.003548436384298 1.0038161962478998 1.1048330203110726 0.9751456853674604 1.0229223371655531 1.0648947631531727 1.0247972147136382 0.9823361076393807 1.0981939220443113 1.0722133838701662 0.9913243932815291 1.0389459121106603 1.02231510956183 0.9785227741023667 0.9849538976769989 0.9513107787953495 0.9927012995469893 1.0304154580530382 1.0084316939362983 1.0018004012362958 1.0313992014563356 1.0220290924645585 0.9917557430435155 0.945818367735479 0.975965997947151 0.9963890582005037 1.026147170545694 1.0441066946407707 1.0409649685128588 0.9568770931943652 0.9749528762559758 1.1199219671415799 1.052432133923199 0.9684865440930376 1.0459499773616234 1.0163343315727673 1.0140010943476494 1.0132982713645085 0.8720124167091368 0.9869348044137275 1.0487548354230347 0.9999640429646046 0.9922167001845533 0.9779473053101025 1.0607688382549234 1.0054766627495881 1.0639439152061372 0.9554938143450146 1.07033320671965 1.0435050488115216 
0.9683168495640295 1.0762115067196596 0.9875780664922023 1.0096140872454058 0.9736281972192526 1.0875819573710104 1.0314846454628375 0.9581163534764765 0.9947977942738776 0.967353915993464 0.0 0.7876240250767469 0.8892004772742895 0.9346294333281226 0.9503354877036632 0.9246927176078208 1.0131563537160757 1.0342438524402773 1.0023997244140805 0.8869343755112302 1.0563680009748546 0.9886781962091115 1.0254245639453636 1.0765701050767595 0.9978398462325736 1.033257781900603 0.9987730091434586 1.1753780630815194 0.9897305778871326 1.0628585300331963 0.9502461865714116 1.0407666030977496 1.0532084130266761 1.0522489859784923 1.0516210715511902 1.071225900092167 0.96619133241185 1.1202044564475482 0.8959419596979064 1.075424297068301 1.0164542848059972 0.9192277969635867 0.9689599109640066 1.0114945130550725 1.0406784734662655 0.9667920620626884 0.9945148734085167 1.1120280344961646 1.0084898485158063 1.0571695908395333 0.956126863333255 1.063333681671001 1.033707221216964 0.923065649831749 0.9566426183076507 1.0647514552000383 0.9997227122566896 1.044894949774674 1.0270855170899613 0.9801445664824564 0.9460588034232555 1.0423830635136373 1.0673910142500813 1.0300076071097521 1.0169228790869074 0.9072148468003992 0.9405524525987631 1.0185206941212428 0.9939325870834231 0.9830614753126368 0.9446822358838721 1.0139429368263484 0.903338012820191 0.9978765989076397 1.018180970424989 1.0053536399818244 1.0598873816870311 1.0247551013133027 1.0427373284854522 1.0816730293098904 1.0160999803547985 0.9751429976796913 1.0449404724027318 1.1344196713070929 0.9385195602292321 0.9983045063424533 0.9961608438909357 0.9944703180341082 0.9929679041995537 1.1531803902438393 0.9578948822267273 1.0648685821463866 1.0941884348892053 0.987019919524131 1.0230367641271332 1.0694067668700753 1.0091329453526288 1.07450154846474 1.03435115979613 0.8771056584307183 1.1905032523891315 
1.0478128757060314 0.9835298066133259 1.0310967197676382 1.0074367493457141 1.081261942705646 0.9217618417065144 0.9544282255051199 0.9819547586307636 0.9909816237187218 1.0135233647927502 0.7876240250767469 0.0 0.9753743704377948 1.072357674589962 1.0342606633401377 0.9871433167124626 0.9867204022757233 1.046565918231608 0.9429865735205287 0.9997922097994474 0.9431607561439982 0.9821283958831535 0.9457559374142231 1.0114311085549645 1.0068439696000013 1.0479386644680573 1.0428367512603114 1.0611000757877525 0.9982650687557447 1.0880107464565678 0.9888656051591898 1.044867852483318 0.9882080994834329 1.030741736612422 1.0144640813070132 1.0474712701278073 1.0473624176666112 1.082994256202921 1.1303882222342878 1.002384531109297 1.0364184818735482 1.1787957742012667 1.028838966174672 1.0532057120335614 1.0514912915313621 1.0428948143339276 1.0353392244582647 0.9964617765113911 1.042360727987763 1.0694066226568781 1.1369581894642573 1.0142067502408951 0.9314795536110252 1.0357843862312952 1.0109597112009534 0.9238775205922053 0.9981621455052762 0.960184477518471 0.8805293558340106 0.9768659149402074 1.0721742923660127 1.018789537750077 0.9473203572408232 1.038360716982627 1.020335406198451 1.0561503398488556 1.0149001402028526 0.9967153600568499 1.0268633983259379 1.031261667827162 1.012155767423521 1.0435984813178318 1.0635043871225471 0.9933350759364756 1.0927813005515532 1.0429509539746387 0.98147381007123 0.9835342087385183 0.9191510413038076 0.9843222630127376 1.0854608712180904 1.0034147107616613 1.018372201027436 0.8693421266638373 1.074240563322471 1.0358443308225278 0.957833025821858 1.008075502129952 0.9574268983645235 1.0422377417900173 0.9768879647381065 1.01284522755147 1.0188679629000725 0.9843404081843535 1.0630033533292595 0.9696326023831905 0.9950210932837731 0.9677257591606178 0.9925541384941916 1.0560253359596532 0.8733987220364553 
0.9946487012690945 0.9869323256705584 0.9846862204880199 0.9411828363394803 0.9476872163812055 0.9735962125794408 0.9892102501381452 1.0512463671570476 1.0277617176115041 0.9298843678576338 0.8892004772742895 0.9753743704377948 0.0 0.8302360566846207 0.9725477068245153 0.932076000566118 0.9797399307979864 1.0278972887286195 0.922650047365076 0.9943224483692917 0.9783482850574979 1.0445115174156239 1.0234586553208092 1.0228387010772513 0.9484017925136281 1.0462673927755723 1.0063915955822604 0.9888250622293788 1.0721296029823149 0.9709161857357684 1.0734822268246687 1.050739345721158 1.0290161469700219 1.0323714683694916 1.0446949499422153 1.077736406920804 1.0397442687920964 0.9988074635626736 1.0592504253188586 0.9505489955941894 1.029146569084593 1.0714212622675447 1.0153460614204743 1.071693203676657 1.0007264967338274 1.0666628858361469 0.9740690350012586 0.9514000340439639 1.082096122855905 0.9849412411805861 1.043885637565111 1.0079635562882172 0.9710988079318994 1.0033359636819437 1.008003430650179 1.0233530149464465 0.9935581843184502 1.0461310240953852 0.9734123808644257 1.0741626622546097 1.052880926508364 0.9544593814837992 1.0089434828160304 0.9955639294662552 1.0433610690077872 1.0070456164699189 0.864207491538737 1.057754646423584 1.10206152806762 1.0250746717370676 1.040256894518878 1.024029947191425 1.0536413459022025 0.975032628908653 1.0891377444429442 1.0768349865686184 0.9964883223651563 1.0493987047484399 1.023089084408574 0.9645335508794397 0.9649293667862049 0.9819119280841886 0.9657758406026847 0.9977562549537529 1.1008715039707118 1.0051182620791408 1.025750945956453 1.0219749945394132 1.0119377303431198 1.0991291226580926 1.0012086772721567 1.0294553054482178 0.9893721875562989 1.0712291466986181 1.0249830710456362 1.0012608769941886 1.0642039549934972 1.0294545312149885 1.0390356267930145 1.014962041960867 0.9369144465796349 
0.9266559334356843 1.0069148082277857 0.9509136158573351 1.0274142353719655 1.019485017382255 0.9715109441045698 1.0620196035853537 0.9464264437809781 0.9868889947112351 1.0324574413417937 0.9346294333281226 1.072357674589962 0.8302360566846207 0.0 0.8748839577253043 0.9548974711807162 0.9030956396687523 0.9231342016714289 0.981644191621184 0.9763518046232504 1.0348186387264164 0.9977225622459359 0.9079038421758546 1.0198011317482183 1.0337108581293823 1.0343164741847677 1.0991248054195053 1.0306800688195883 0.9972295356117428 1.1051471215994377 1.0817249966287394 0.9054554157745313 0.910559981452476 1.017477143651136 0.941868996751745 1.039559956730642 1.0271614940148728 1.0124496901227347 1.1452122175213297 1.0860220384443227 1.0097393827218932 0.9979203370205078 0.9980116638486761 1.0622727202395439 0.9830755373184156 0.9953292576797415 0.9075414206716431 1.0496852250591573 1.0717520928673308 1.0281156250374623 1.0662589678743442 1.0261107919980188 1.086204609343401 0.8392355650389545 0.9765406247322685 1.0415265844357218 1.030131124381464 1.0354433864710089 1.0890620881748787 1.0310782108777263 1.0693050483470214 1.03410639475243 1.0722697779288102 1.0074925344874 1.002943515086175 0.9856505651491942 1.155267521623153 1.0469812223774313 1.030285114337202 1.104275625553602 1.0059228555130066 0.939997164081361 0.9983274328618816 0.9573039721519415 1.0749071402885646 1.003790644334357 1.0215895327743645 0.9731388158342031 1.044568462956028 1.0351381740715582 1.0604421598285956 0.923715816912992 1.0998959271416542 0.9587483802200892 1.1185616444868356 0.993905491228437 0.990610910562942 0.9979803050316113 0.9868693692663897 0.9979167787752531 1.0495591473766896 0.8919853074987948 1.0487009758706116 1.0425749765124168 1.0427071689206693 1.048979122284956 0.9571762370180225 1.0061504971286457 1.0319683662257142 1.0504441810984846 1.0608694927452436 
1.0196753149276054 1.0145840575852567 0.9822927727301846 0.9117474528089033 0.9481540113533385 0.9430763323712282 1.0088636793946935 0.9455081187797639 1.0076138914536963 0.9610832594392893 0.9503354877036632 1.0342606633401377 0.9725477068245153 0.8748839577253043 0.0 0.8927544025863727 1.0386393641165539 0.8809767897959326 1.011377035897055 0.9427650463253309 1.0215443092320438 1.0074966416201274 1.0242650691241715 1.012968632183241 1.0496573237200617 0.9946242586934465 1.0054118308693665 1.0178145628767645 0.986646289118303 0.9719612164848008 1.0231905779413977 0.9747507837051766 0.9755121590589341 1.0011940985295416 1.0735137833299317 1.0658021446447359 1.0013990574640907 1.0080335266736318 1.0078624190537042 1.0317485653210192 1.044084177342939 1.065180665253442 1.059107123808454 1.0307527577483693 0.989101716680837 1.0258941644730837 0.9962873411001504 0.9991557175566069 1.0117545786825006 1.0242504685204845 1.0175256182245174 1.0446426656169958 0.9825314266847791 1.0836605048603696 1.0589957437759951 0.978926499493916 0.948788423645124 1.0110953340153919 1.0058644822372487 1.043985793529358 1.0136205355287327 0.9787763820632019 1.0974738967039195 0.9960290539675348 1.0063686911849292 1.0251944562919195 0.9710249627400008 1.0350763330073955 0.9900647487883094 1.0256728768988224 1.0009107316533357 1.0003402294035113 1.0119254399690818 1.0382538507962165 1.0087547100931953 1.0742368068610055 1.015327517246266 1.0450067649726216 1.0596874748628984 1.0390109662189606 1.0147491186565247 1.0799551688094933 0.9699220344144057 1.0145632082719065 1.0324249817118734 1.0752549723972857 1.0292103506448278 1.0468368847734288 1.044347920544654 1.0122289002493867 1.0152984969995285 1.0870991040191624 1.05689075419869 1.0367623348083999 1.0223417935330168 1.0587964161600938 1.0412602906882418 1.068777092369294 1.0373383140287469 0.9598565976547042 0.9863365695784856 
1.0130592994202492 0.9867724596809611 0.9881427673243246 1.026068347714182 0.9696066491154433 1.031613023917498 1.0035590693133511 0.9856613923999764 0.9763657564982602 1.0313464760482973 0.9246927176078208 0.9871433167124626 0.932076000566118 0.9548974711807162 0.8927544025863727 0.0 0.9198362828767866 1.0889924917492124 1.0116688432308432 1.038501405630943 1.0110318980599058 1.0102614244141326 1.029484845584846 1.001833045253414 1.0292271724454842 1.054900149273177 1.0700681227922986 0.9786302065790577 0.9899426379899668 0.999141013226118 1.0294109026608618 1.039933309192467 1.0031847860477385 1.0170737225195747 0.9684875389036105 1.0257101125384418 0.9967101612323357 1.0296145693670713 1.046106189127518 1.0081882363981818 1.0437488929105463 1.0012516532646862 0.9971126850543052 0.9789753199397073 1.0547388678827947 0.9940428940859264 0.961231077007541 1.0070531530287952 1.0075801186102409 1.0835094063492259 0.9995304145396728 0.98031666507021 1.0154297849438445 0.9684579705572657 1.0100649288334653 1.0230495045159884 1.0583482878572237 0.9996766674365938 0.8754506719693805 1.0230474862680845 1.0424606178481868 1.0360956776508718 1.0665687372194501 0.981304622567201 1.0082672104554036 1.0086071580087443 1.0453440495657056 0.9892220184733478 1.0151969830446588 1.0087949499808668 1.037895450420433 1.0566409362126061 1.0123535331719478 1.0500256946215583 1.0440810317943594 1.0085046489496416 1.020294311128515 1.0474525514148865 1.0453195261937662 0.9989178068410292 1.0438912367147768 1.0596404431064075 0.9598983023339598 1.0944888400992632 0.9913101520791088 1.0339229815478799 1.0227882287432488 1.0005327488104008 1.022676614370299 1.0225301602900807 1.0008650492215894 1.0490525524471592 0.998843321565366 0.994999208669855 1.0153326561049574 1.031405215083565 1.0027520931335934 0.9792648928839929 0.9843699840890104 1.045177004741517 1.0160551056411464 
1.0754918487310472 1.0475103662343188 1.015775795973883 1.0323144671417195 1.0247479644765152 0.9276503082610841 1.049678373446845 0.9815786834788024 1.0047086185478553 1.0692665359829037 1.0131563537160757 0.9867204022757233 0.9797399307979864 0.9030956396687523 1.0386393641165539 0.9198362828767866 0.0 0.807355187808923 0.9209641806879679 0.9560017203330203 0.9804632443463994 0.9559917843732952 1.0090597261636196 1.0177168851404297 1.0329067809850199 1.0786128355986544 1.071439931092778 0.9728087488946182 1.0423105525320127 1.0114857622250852 0.9891924449016352 0.9578154519280537 0.8833221162686825 0.9993572832240805 1.0953118073820771 1.0734605354418427 1.0391111498014258 1.01908559832876 0.8057533507585098 1.0133190824224287 0.9816603125233047 1.0794897567814938 1.202130976888497 0.9882247738999463 0.984940319502172 1.018185895284678 1.083474717664245 0.9504181289977757 1.0310576797776385 1.0194476739747336 1.0890226512300576 0.9758443997032005 1.0023163604691372 1.0335866764228174 0.9998239435536801 0.9976985702195935 1.0007252663340462 1.0294206634294627 0.834441760153812 1.0307008565602356 1.046032563257373 0.9206576893700557 1.0585036517915267 0.9594625035485502 1.0203574787859815 0.9945021398704181 0.8785439204674559 0.9517071418858696 0.9944403488849455 1.0716823343251431 1.0198434000198104 0.9752411827869595 1.0268968566515884 1.0020409570330382 0.935764975111407 0.8698584412706184 1.0482466989542818 1.0481394911218642 1.0663878218717537 1.0316662321701615 1.0666252766144642 1.1121713480473143 1.0337015033013628 1.0611442502572335 1.0270596818131459 1.0248750675358513 1.0396617922369802 0.9935645806714368 0.9646677955471948 1.0091771073944449 1.0781501485354117 1.0387043076690599 1.100813660060656 0.9786876225747634 0.9784755063256071 1.029251951040953 0.9869711185638358 1.082793211143505 1.0248129806616284 1.0196897916080205 1.1148899405201802 
0.9878323980097122 0.9587534763765109 1.020995706305769 1.011368828982258 1.0549289409192246 1.0509723024431574 0.9876000095033465 1.0078475442685046 0.9687785016757589 0.9604235590398745 1.0342438524402773 1.046565918231608 1.0278972887286195 0.9231342016714289 0.8809767897959326 1.0889924917492124 0.807355187808923 0.0 1.0020514414658181 1.017691252758466 0.9462183094120361 0.9531723672098761 0.9905867638002968 1.0586438498705122 0.8434939349621294 1.0310914928054649 0.922974617846574 0.9772739440036085 1.008113859777667 1.1014121568999358 1.0106506760853715 1.0918157413334781 1.112346585938809 1.1071932793093804 1.0550120870889457 0.9721195684217432 0.9700214557956267 1.0341938459664028 1.057091033255452 1.1048691147359901 1.0476239218363093 1.0474223414061867 0.8703621032255021 0.8668341826254479 1.0417743137686575 1.0283881422178178 1.2200506573008842 1.0815716206679649 0.9782014867817276 1.0432772071480891 0.9810092991406161 0.9684764758341087 0.9790167685276774 0.999994628710055 0.8884717615572163 1.136520925927889 0.9923267177147894 1.0359270900500985 0.8728208150601453 1.0941055112096456 0.9594350438135568 1.083727129602674 0.8130283873565084 1.0024689774146354 0.9244770228128402 1.0507949583240022 0.9541442748312225 0.9697309103683072 1.0081764484706264 0.9494272941862586 0.9459380362885791 1.0538258413072763 0.9977306375719428 1.0437456994282257 1.144488326361535 0.9490124445409709 1.0534096505230417 0.9954231811278601 1.156345798363952 0.935602919311499 1.0498289516443948 0.9844463919874276 1.0442312234920301 1.0664579905158196 0.9872469095866935 0.9889923638287176 1.0182399346461273 1.0094724405825843 0.9520563699136374 0.9367910948858026 1.0760471638816207 1.0462732397277972 1.0041798679510758 1.1040454309050487 1.0127065199205634 1.035496296064274 1.132211125954922 0.945865014448675 1.0183721835589978 1.0808468690022575 1.0356547219114818 
1.0338377649301347 1.0086807126245967 0.9937778635995251 1.0521079105050961 0.9651185310243148 1.0433449424975056 1.000359896570937 0.9833551205961443 1.0366516618143888 0.9717524876413479 1.0023997244140805 0.9429865735205287 0.922650047365076 0.981644191621184 1.011377035897055 1.0116688432308432 0.9209641806879679 1.0020514414658181 0.0 0.8251221626889709 0.982275304824796 0.964796853744137 1.0390821585683632 1.0116071556712847 1.0120998387873703 1.004620415730809 0.999864548712658 1.1298601917821858 1.0312594052468567 1.0337490449178883 1.0010605913061335 0.9686396445796693 1.0333990953499763 0.9907807239225184 1.0526521813634764 0.9377354536556665 1.009635071311001 1.044947108456439 1.076534369923945 1.0087008071419665 1.036386694490194 1.06634939993433 1.076477898622616 1.0093697821042305 0.9953677505499059 0.9767410658562526 1.0748841152346404 0.9759577377190649 0.9521219811067585 1.028492252436784 1.0590433025113815 1.0325374957406528 1.000366287703156 1.1200278002812567 0.9919656206170387 0.9708340017977647 1.0036690284930025 0.9951557786313875 0.9908086252779086 1.0327989242695153 0.9929296474811049 1.0053844958427955 0.9704072014417344 1.010440702797476 0.9875601524699704 1.0598801586083733 0.9914001020749134 0.9545949716154131 0.9920378360337588 0.9568838361253532 1.0359343046968614 1.0788638511213082 1.0305313582315112 1.026999932339781 0.9953457838469277 0.967507324153448 1.0363130848080393 1.015085866515811 0.9944006806304687 1.0198213583223295 1.0370483955403478 1.056732568671745 1.0002257935542804 1.0585011439780263 1.0123243701646367 1.043051959100988 1.0822770862819793 1.0019096774033547 1.0305066486920869 0.9894514079046585 0.9985483638378196 1.053371437424791 1.0641799115867523 1.0141641561931056 1.0256856325418469 1.041683455917945 1.0458725070165906 1.0142639254889707 1.0504386464337891 0.9844001564642081 0.9728242068279367 
1.0229075380475174 0.9514773137417515 1.0451844753029285 1.0683681878364433 1.0738855113168138 1.0069132196268833 0.9476963170240735 0.9912295819289635 1.018046807554444 1.0243829800180713 0.8869343755112302 0.9997922097994474 0.9943224483692917 0.9763518046232504 0.9427650463253309 1.038501405630943 0.9560017203330203 1.017691252758466 0.8251221626889709 0.0 0.8936763346367886 1.000884314189663 0.960461945115077 1.0029156766277207 0.9582942745533579 1.0164567412211474 1.0139605117081878 1.0742312835604293 1.1231703107159063 0.9560929764938301 1.0477964200711993 1.1831049601558625 1.023284910617404 1.050375662513283 0.9890005404317368 1.0530937361775017 1.1071829635488497 0.9399305321190524 0.7966602977743431 0.9707673416218581 1.0018813681691054 0.9234533164911684 1.081410803146165 1.0241860614015434 1.0681112678062725 1.0077963505365422 0.9611596018495743 1.047346324072487 1.022486622179662 1.080312312492872 0.9675752958612199 0.9756889406586813 1.0702211969065054 0.8790731410605491 1.0595467500797573 0.9125155948184758 1.0212484241084103 1.0061131333496436 1.0389272417095385 1.0057883619690393 0.9832435519508199 0.9922741317824634 1.038237034986593 0.9360175385032596 0.9659127320101268 1.055457284607117 1.1774042086049394 0.9574741744938055 1.0757082809466763 1.0419328375914685 0.9838252913097092 0.9633898933243359 1.111767317227494 1.0032197585875815 1.0551638583788336 1.1251450199482194 1.0600832179752324 1.0711892324419265 1.048485679682885 0.9419996811242116 1.0059558068606467 1.1064658523730722 1.0155132558134545 1.056745146312803 1.0331413302212338 1.0064746764191568 0.9699375045300354 1.0512955439997556 0.9786572963188552 1.0426673574477228 1.0488175037126235 0.9912678694342569 0.9843581623540629 1.0488118128806896 1.0409898554807075 0.9300719927149431 1.0329055345633822 0.9204257018926498 1.0019061668968254 1.0769894507828426 1.030139261027683 
0.9884113208857207 0.9798096307893542 1.045431440065033 1.0282643647067151 1.021889465678506 0.9931906800740402 1.0058643344731142 0.9920836202009813 0.9668719893416773 1.0144362050242286 1.0563680009748546 0.9431607561439982 0.9783482850574979 1.0348186387264164 1.0215443092320438 1.0110318980599058 0.9804632443463994 0.9462183094120361 0.982275304824796 0.8936763346367886 0.0 1.0088040992271405 0.9710431526701588 0.9909488579460403 1.0195258661719657 1.0967319172115837 1.0125883513333176 0.9448183764080814 1.0726856803071068 0.9654478027254223 1.0516502573649242 0.9991640017817607 1.0341905047433586 0.9744172267995466 1.0644778250626543 1.0294372684611355 1.0355120029040221 1.002986846953001 1.0800579293852153 1.0169548288899568 1.0496335597040443 0.9510260389707117 0.9424791577079824 1.0036625913730368 0.9749561028373764 1.028080384684188 0.8811163233205102 1.0128336861335583 1.0508015609982293 0.9878480114378321 1.0648778805270864 1.0006036202230095 1.0484472403842635 1.1058319807086918 1.0063886904346828 1.050235723773467 0.945456604481901 1.072642966130394 1.0355297380419348 0.952422419837419 1.0211840744335923 1.005257474948286 0.9977674022482429 0.9849647842775868 1.0351310071912727 1.014662862237192 1.0312477551400385 0.9827939808398826 0.976899535769664 1.0392405039533694 1.0169410775822985 1.0626602234892653 1.013653517906503 0.9757328605049016 0.9882473124838556 0.9235419377637442 0.9956047297746136 1.0129879285512566 1.0568921785778338 0.9779862196906529 1.0240227746940043 1.0790767584573542 1.065336682407267 1.0093056897681518 1.0209973208714915 1.029588805230603 1.0096997691855345 1.0153358108424708 1.0270009665789603 1.0602045263529296 1.0482101450278145 0.9851288336523775 0.9393614335133994 1.0020746646115692 1.0460487882777711 1.0708007887396822 1.0017927266629647 1.0376505516522925 1.0348880825304667 0.9836335179237725 1.0440669845343975 
