0.0 0.3284753737479008 0.34406437872099715 0.28243481134110393 0.34761715022006157 0.33267514848822555 0.3586059918168213 0.3014846575369853 0.3319568979164317 0.3349092649201535 0.3058902369094211 0.31579638510965147 0.3021557607364963 0.2757444412526904 0.3254748492749595 0.2915297048337755 0.276257246508965 0.3049957789339536 0.299052778013039 0.29945622115296366 0.28367994738264213 0.29609591189677276 0.2998567030489987 0.29865869607456563 0.29938209476995914 0.31839794245536734 0.2990041845277811 0.2893240289939567 0.2693108692509072 0.3019124080850576 0.25620632898645024 0.2763981870161284 0.2583411364516486 0.31685551852299343 0.29772656447392254 0.29403220382554573 0.31190666192933236 0.28697974623789035 0.34579775738236274 0.26902803092535166 0.30430896641400906 0.3111408012064161 0.31285641743212345 0.3118162559767066 0.3024909825111406 0.29738080018227486 0.31467839224898053 0.34522808641800307 0.3038315379835079 0.33454311294598527 0.2944530911353046 0.3224374690353743 0.2893853612043742 0.2546120821209321 0.2749999847620487 0.3344119510486706 0.30064272721183594 0.33371626035465696 0.31974811751578724 0.3072577969289424 0.33933612661102097 0.31785056085172525 0.33603657979600854 0.34436500378503976 0.34037334387331153 0.3242520100720713 0.3451741841549396 0.3648070281579091 0.32623118187229416 0.34528449982263043 0.29405892782811094 0.30348129508827626 0.2928017175363883 0.33794156097145533 0.3404503987711668 0.3328892475162809 0.34124062895804885 0.2980560130793095 0.26283626819119077 0.333374098409459 0.3597573241398725 0.28883359792951413 0.364186252000924 0.3270947522437615 0.32067928522648037 0.3219334483518449 0.31475736141111055 0.33030909014711163 0.3183362366716521 0.3180649854161217 0.32984440375923985 0.309373905342904 0.28611187648743797 0.3400491015530629 0.33317222735297725 0.2790380686493955 0.3026312258177546 0.3468113734301689 0.2995749561562915 0.3103159869939982 0.34877295369848993 
0.3284753737479008 0.0 0.24521341246424666 0.26206576066879395 0.34811580123824803 0.31821666562519824 0.2978225630748995 0.33795584373407495 0.2685290556425449 0.2736838068699201 0.3385856414512073 0.30675410091592314 0.3033182442076532 0.30271354042975773 0.29583546824907414 0.3018781859302486 0.2963409542677705 0.30285932361835854 0.31225266561151865 0.2568675123584401 0.288349409534992 0.2965440703498363 0.3152019930646728 0.24060375107153564 0.28619142377849127 0.29978523699946313 0.2988441168924506 0.31238352021800586 0.27590822765862244 0.30581649719751947 0.2717791824756838 0.2853698967163847 0.27931001424895663 0.2928404005318004 0.32335899596105633 0.26177400411411733 0.3318811596365281 0.29635449643024936 0.32212221226916204 0.30627036453826006 0.29346564585524126 0.3447324275291618 0.3225260593833644 0.30485194861848963 0.3118118521008325 0.3091791841026792 0.32006464275100865 0.3127585045350145 0.32881368030293046 0.31888781821294254 0.31135017711011614 0.3235268451555765 0.30875749961959986 0.2539937998816203 0.30685437713029273 0.31350317975228414 0.2944898758808431 0.293823233705796 0.319956110735355 0.30353643928501217 0.34863574075006054 0.2894340421188064 0.3436191423809003 0.32879294332120346 0.3306070981941779 0.2895554054187536 0.287355247309213 0.3393562379054196 0.3200244396277582 0.33603914790818257 0.28320889125484283 0.30344080548450014 0.2813859328623014 0.31693239312931654 0.31930564960922614 0.33812878464100526 0.3215045718739994 0.2901284466259225 0.24085015817525302 0.2963355951920843 0.31347301998446553 0.30599013014917553 0.30567946514813804 0.3609545849883905 0.3164585870586947 0.3066268416509421 0.2751857816760437 0.3144473482048791 0.3182267093156892 0.2942122937165699 0.251733330643352 0.2733988603820169 0.29662218524021 0.3164596165395447 0.30913224402871076 0.28817643984886254 0.31400610999715206 0.356204781798655 0.31181256055367934 0.297719686367529 0.34761727851622826 
0.34406437872099715 0.24521341246424666 0.0 0.26542280432666354 0.27177775968684037 0.258345539652834 0.2816816462337821 0.2536454287034078 0.28402670348539416 0.22472361399342378 0.27846513580011545 0.2777558586200275 0.27216630755178184 0.2610913285866645 0.2770560484920229 0.2368943395633909 0.28232658981849024 0.2825236370664759 0.2639611625993946 0.26111580916111554 0.2611219105033099 0.26548024566930706 0.29227217838320596 0.22345620708131286 0.246562145858499 0.2932469410804608 0.25480756446589914 0.2639284069527672 0.2522345040397236 0.28469786072074865 0.22839691569720177 0.24069300309578257 0.25569192795522866 0.26443792371330443 0.28903701727961584 0.3004436030886064 0.2694213812900327 0.25661259403263914 0.28506605244111527 0.27014290744304126 0.22470327391449496 0.29661056510433226 0.28438734114951914 0.25129055769863895 0.2684330561180249 0.2838028146378141 0.31485384663197213 0.2807885892055765 0.28359449448446916 0.30379975879440846 0.2929543283839112 0.31674829825108464 0.2560898925572428 0.2507510856087609 0.24896234924721627 0.255371039731052 0.27182045473748173 0.31406897211049045 0.2490630049074617 0.2532930991212786 0.28535302931365614 0.2639749754044314 0.25091922937729216 0.25461525290747755 0.27037539567120816 0.2685274800316365 0.2516068286553609 0.2578054920310622 0.2367914248320233 0.2602288952881763 0.266518848545252 0.25841636331489093 0.233017137511229 0.2624557797102681 0.26754261232207055 0.29260232820282495 0.3163111370919721 0.275416022565517 0.2326986226797012 0.2600554916691028 0.28986071550810233 0.2442151638143203 0.3079176295191517 0.2868444104075869 0.24748107836105926 0.26899839663529757 0.2702494956332263 0.254832900574852 0.2730555661778915 0.288576894797961 0.22901824386255376 0.29823723713460937 0.25472563311581786 0.2988314598162565 0.33136650403628976 0.26908941532189823 0.2845794200303954 0.3120326869049641 0.2878523104466545 0.27786012804337135 0.2812748183963033 
0.28243481134110393 0.26206576066879395 0.26542280432666354 0.0 0.232477278434014 0.20222806419555106 0.28079026335026835 0.2089747021954943 0.23458155299845762 0.2397767385957844 0.24405638409291253 0.24997297705561394 0.20696353809370738 0.22327053267704677 0.21438918105225602 0.20633990045734785 0.25430982983116834 0.20699781246211746 0.18812371677627604 0.2000822776746507 0.21664999961074716 0.26259499957218946 0.2427551472991185 0.1909316742940893 0.22728209366741037 0.26019979774076296 0.23287288600349143 0.20355096812487017 0.22577126292828298 0.22786317495812525 0.20088849719709856 0.22014393707648228 0.22264965014898974 0.21706204453448064 0.252561718063845 0.22322103076718058 0.2724567800133443 0.21831939242854137 0.24447464947567876 0.22393099744894907 0.21494661390854786 0.24711700054785046 0.24720709148710218 0.22591925466446428 0.2245471790041106 0.24985112810441235 0.25040067883504036 0.24661170427760615 0.24319616219765428 0.2223351904494223 0.2537218623730686 0.2760646569597006 0.23274971668570754 0.22327668694124858 0.24200366254389472 0.25389906211915214 0.22261309548391306 0.25308046583327937 0.24714064221802956 0.25896286159196513 0.27317965959220625 0.22936603771232011 0.2596190344146523 0.3035062095250901 0.2581755296424175 0.23736958880820547 0.2500626747135978 0.2778544058605392 0.30467228640637334 0.27958581882853706 0.20635819051160587 0.2562671923201221 0.2467957039801001 0.2523083389564642 0.24982464423469553 0.2716918612797964 0.2560393697879201 0.24834143882614623 0.20705392974631298 0.254438830167807 0.26261625242770814 0.24120401213734366 0.29769536465426505 0.26288249987090995 0.2377611837596071 0.24864691163643138 0.23297836219344614 0.23646961928491717 0.2752983645610716 0.3091280902026373 0.22529994677022547 0.28650570505353257 0.23773197130502388 0.2879629475731307 0.24727338653871567 0.2711978529416931 0.27877991538957336 0.3119943678126317 0.2902834879094529 0.2525570101559843 0.2787557338164286 
0.34761715022006157 0.34811580123824803 0.27177775968684037 0.232477278434014 0.0 0.23780327776244647 0.2679864631056532 0.22547506896000447 0.24897244346853253 0.23779232536390216 0.2723104366931488 0.26590837823356883 0.23439795412014153 0.20977350808257467 0.23628711141769332 0.23949856263271752 0.26056373933096055 0.22736525151594633 0.23467220517695553 0.23035144307742572 0.2621742584343405 0.22805767879849992 0.2218272425860014 0.26127135126607937 0.23544408595531263 0.251452573567013 0.2418937375505672 0.20706945918953334 0.24536785229627334 0.2441493345113871 0.2271999667301926 0.24125055007243046 0.26117496509985016 0.2669198981250481 0.2865782129470529 0.25347643412054 0.23245488025751815 0.27510747759888576 0.2594638849460026 0.23767111703380395 0.27154795641346763 0.2659674784843866 0.2802632897687525 0.23594818244528182 0.2310911018285967 0.28288522399140237 0.28510990190924557 0.2741006834342702 0.25133452472154416 0.2847977810880251 0.2729657398409798 0.26612972954733594 0.25723632587444445 0.22546344264797902 0.23217919209075732 0.2390886236719877 0.24183377949656837 0.28090676989088814 0.26016465306876946 0.25907295634428673 0.28452703248247735 0.27876016409977733 0.2911281405444254 0.2940590457001516 0.288371539625644 0.24667475750490575 0.2721234799653882 0.2784027374006818 0.2972992853025024 0.30034268281303045 0.24412496891486068 0.29985096362568797 0.28516665660264573 0.26560976670554026 0.3168844253865387 0.2872378973138324 0.2883421759821838 0.26267459020818296 0.24543673714923753 0.278237358224361 0.292226577855047 0.253730971544998 0.3231807411260521 0.298566191810989 0.2282063654590457 0.28963822187100663 0.2664803000961332 0.2544680710713212 0.2893284999603646 0.3307358044524925 0.2707048085030316 0.29683238095237785 0.24494070132340084 0.3095145430213684 0.30384203896406403 0.279111426309653 0.3087932198859189 0.3166842308361013 0.3249501076850272 0.29359102730518716 0.31384814137212513 
0.33267514848822555 0.31821666562519824 0.258345539652834 0.20222806419555106 0.23780327776244647 0.0 0.23695399921056803 0.18074196220835836 0.2071244051096519 0.189759947671036 0.20189970870391016 0.19042017939253753 0.2059867267387412 0.16608907568820186 0.16875009853243583 0.19223036651591874 0.21345256748659414 0.22574680923296764 0.1864123737193737 0.17309903318673991 0.1961233833908247 0.20579096509788974 0.22056513379885967 0.23285836855117514 0.2082540142217435 0.23681931504690135 0.2150554566068793 0.2132209114919429 0.1959204848611953 0.22472811133518233 0.18842297656220108 0.20829346724802933 0.2270115486989378 0.20087571115766967 0.2638970393464821 0.25623330993967264 0.24725416151347013 0.23934466728579118 0.27233861005630655 0.21509931182195607 0.2455670836005236 0.2656779614069703 0.2597448577086581 0.25484201520439853 0.24653012568274846 0.3149478038265633 0.269648049143001 0.249281218818738 0.25275714201140564 0.2696902879094517 0.2619828463426007 0.2817330763008078 0.2538114840188983 0.20136464585725722 0.20146266010860014 0.21233959647028 0.1974470615824736 0.2506482210648827 0.24397580239510197 0.2653436753190128 0.26029454314567424 0.30307505029264603 0.27929922310665456 0.26714308324094815 0.28648499823842066 0.26199015745237286 0.2278345245784421 0.30442730092156933 0.25314848078234076 0.27858777995185724 0.24301874298450832 0.2621895122299259 0.27305555222158884 0.26402017754146245 0.2596307207562968 0.2922685484553186 0.23547599361472027 0.2268458991398451 0.22863111723411678 0.25918004737785993 0.29193343831557717 0.22128791343345033 0.2816615276134059 0.2719842821632772 0.24615495523126685 0.25619563289622904 0.25152606138265654 0.22369952471772847 0.2561361968156485 0.2800576840948531 0.2486803965215435 0.2916400881274547 0.22752241964143283 0.277683786318737 0.29812637977790746 0.25528028871915653 0.29122039450296267 0.27076048259010244 0.2834020210432876 0.259662979506622 0.291323331378755 
0.3586059918168213 0.2978225630748995 0.2816816462337821 0.28079026335026835 0.2679864631056532 0.23695399921056803 0.0 0.24764057960827546 0.22427817349732015 0.24588990594756366 0.21928550055019158 0.2636886120916976 0.21901116689888644 0.22009280841400958 0.23810266765527788 0.25705974644841756 0.22606334806483053 0.241855295189084 0.25376885523245907 0.24718935174751588 0.25210569612586686 0.2034216656227268 0.25377648847717926 0.2349752853498963 0.24756121654355145 0.24036972001793133 0.2401582396408406 0.2324561309922092 0.246723285914062 0.26741820427605467 0.23295747226096097 0.21866155382233354 0.25319846116983435 0.23584245694902672 0.2733883876650445 0.25804363881338743 0.2648481647449722 0.23515504055486125 0.2151559370193793 0.2129348440204336 0.26213010869018427 0.2692785693912412 0.27959761338493083 0.2541234999803572 0.29035039335347324 0.3016118467813448 0.2923055293787068 0.2792128846758196 0.30557138480539625 0.3157579767531221 0.2763428634957785 0.2999733714753138 0.25388392966373585 0.21108848167256533 0.2619532014427145 0.25087726482349937 0.24400868300293788 0.2504392432015343 0.29954982507957906 0.2643573135299787 0.28963065560145707 0.27176608567647054 0.3073706552644211 0.3406903267137392 0.26036913577565346 0.28607619237677695 0.26439299651194137 0.31439051670615437 0.2742456722656166 0.329067676912439 0.2603437551199279 0.2709090614226354 0.2644898274374261 0.26295580398123697 0.30147155071017573 0.2927365656918668 0.281477105193102 0.24971838820118442 0.2590327553017765 0.29372428975169906 0.273006372081121 0.26198983657410047 0.28141271629577014 0.3167803186023137 0.2800493200650117 0.290115826615606 0.2529670986613328 0.23857022199894462 0.29577469183664495 0.2640243965295349 0.26667361054226857 0.31620330937614494 0.2554615949917184 0.2911414921722397 0.28657677224917044 0.2774270539452426 0.28708953095942846 0.339766625296651 0.30841132449692965 0.281773849316455 0.30910175872918144 
0.3014846575369853 0.33795584373407495 0.2536454287034078 0.2089747021954943 0.22547506896000447 0.18074196220835836 0.24764057960827546 0.0 0.18802304408746362 0.2016999978002315 0.16579569603475564 0.1778841834131717 0.16379008777596138 0.1347580291287912 0.15626846424420526 0.16487795878177502 0.22022850985975118 0.18955828584237477 0.17413922520522052 0.2137064710856711 0.2060207747360776 0.14107462855608177 0.21740330549838438 0.24067317502971186 0.1919572048122158 0.25941790914702445 0.2386082923939713 0.20154072783290744 0.20524940730108931 0.21387072600881352 0.18114775413306516 0.2168071740948101 0.25194368558222746 0.22272658151592017 0.23822132810498708 0.2331189945312071 0.2703268390606096 0.21761009265982245 0.2681550958867477 0.23278975166531868 0.2620606221458417 0.24871456972134387 0.2667239738270105 0.19848030005304573 0.2493042949815949 0.2692243873666277 0.28308039271415064 0.2801138974209655 0.2663392971335762 0.2798613431307533 0.26101947479517285 0.26953618495833787 0.24779795953473016 0.25516430529140444 0.22758986709404594 0.24348775771358988 0.24498945001662464 0.25815057216730253 0.23182093692784933 0.2602207003924447 0.2757386112740752 0.28110472188636126 0.2516944217414242 0.28247281673315294 0.26182470962888393 0.3012278777761628 0.2644901997712087 0.3110373832609331 0.2621744017066 0.28246681976417065 0.23509761160863518 0.2878700358052999 0.2522084545233563 0.2684600942039558 0.26806219329571834 0.27675638161883154 0.28696083225439306 0.23912220176757126 0.23628282582692373 0.2628449001553196 0.31469326676969556 0.23397494729885027 0.3341977030997698 0.26279967829789386 0.24513955445111701 0.27533439774010227 0.2772142802746911 0.2551873814419884 0.2608992576102992 0.29293324779163166 0.2410919847560805 0.3020394363792911 0.24548708387980867 0.28250326296173 0.2950081492950808 0.2778462565285036 0.3026005741625952 0.2994192266053318 0.29582025135750445 0.2907428513875062 0.26550651653666546 
0.3319568979164317 0.2685290556425449 0.28402670348539416 0.23458155299845762 0.24897244346853253 0.2071244051096519 0.22427817349732015 0.18802304408746362 0.0 0.20857522409087892 0.14714407609214342 0.18960268478444453 0.18367601507808407 0.1755262156204097 0.17145251963344454 0.2031559493257138 0.23164318396175743 0.18529745456635083 0.1768567518178894 0.17438719263985913 0.1856763581053692 0.1647787362194525 0.20857459186489857 0.20494600262441542 0.16979171107240965 0.19476025514434436 0.2218703341895435 0.21303463888961338 0.2178207994187441 0.19368289526136573 0.17038604498615706 0.19655031594427463 0.25426642849980097 0.2205272814861371 0.23693661455244241 0.21935819003318735 0.22837730635139764 0.2415267826208567 0.2637805604425394 0.20483148759999437 0.2182202332517058 0.24121560420314014 0.2206414702958942 0.23219648261726833 0.24353914778820696 0.27625296346235273 0.2716570027823323 0.21773561008468423 0.2966373581030176 0.25019912474166695 0.25913329561925347 0.2278514934749023 0.23149798930977705 0.20084059349087158 0.21862107472783365 0.24580706397681573 0.20918249089778762 0.2319929507770564 0.23508104837264077 0.2306753778375622 0.25525621438649293 0.26691778828016 0.27582580018326563 0.25828726191921325 0.24051941036293278 0.2438741075841282 0.2261096683713505 0.27142411399438937 0.2638367652732806 0.2659035466345213 0.22718626545338128 0.22143555934790393 0.22247639636210925 0.23471069996569394 0.23491644833589198 0.26199821126976386 0.2596519343766185 0.22796649864512586 0.23311624808562292 0.23901668497944206 0.2872789520024357 0.2330023169212596 0.25374036435127745 0.30968127049405847 0.22264599129426244 0.23834091689306125 0.21477295499756577 0.27223512303593056 0.2698311914776492 0.3113232994116032 0.26792980787154197 0.3039353926832168 0.2440298734277715 0.26324151947868735 0.2834339057695915 0.23288983314255507 0.2641241182793368 0.3119433820349883 0.2648057486242217 0.2685306488818252 0.2665563888817283 
0.3349092649201535 0.2736838068699201 0.22472361399342378 0.2397767385957844 0.23779232536390216 0.189759947671036 0.24588990594756366 0.2016999978002315 0.20857522409087892 0.0 0.2489315682341241 0.21727876386678702 0.22734768535960037 0.1697688481582852 0.19383916720733285 0.20093505942195355 0.23748947127658837 0.21118476864781277 0.21755404665138145 0.218650807774447 0.19966994708132058 0.20482070407830533 0.232868833615258 0.19490456625843422 0.20887245566092427 0.24261584368635591 0.21393981345658453 0.21100497993423495 0.19705134856476259 0.20433394927929383 0.1721390322536821 0.21209391917651366 0.2040042163157728 0.20882336706699667 0.2174385591561241 0.20835352886407899 0.20618880940808948 0.21006861010916877 0.25718671072055055 0.22376024096192415 0.2523983789584626 0.24621713505512755 0.23796276626397606 0.22936955975122253 0.20323510426647262 0.3070372060186417 0.23276106531579466 0.2423656113140218 0.2481620843166995 0.2617381345396561 0.24746757699592048 0.24837808968428166 0.22846299515851975 0.2045803088985796 0.19734028641656487 0.23746348001656437 0.20398902805625585 0.20924867964459892 0.2071069885369562 0.267016694820163 0.2574938367730004 0.29693312723977006 0.27681713354141746 0.25967870520888314 0.24035534644441803 0.24372087634541484 0.23861255932381698 0.2508388103709429 0.2717845537226622 0.21337065715337444 0.22832496264228996 0.22577692331380061 0.18497754642011044 0.2175050567015946 0.2612834340850262 0.22720876225538078 0.2006882851705465 0.20027844635757597 0.19468427524484755 0.20648429791661072 0.21574399098967578 0.22241432728229815 0.23744420368601127 0.27337490498757844 0.1903253478275191 0.21425744987604078 0.25414765552801044 0.19328981982760562 0.2092990569420079 0.24650098200965176 0.23975953928838623 0.27157200512677726 0.20412986021747936 0.2618871261445286 0.26473140564284625 0.23360182925957107 0.25897181014015913 0.2524153995304992 0.22267814810372966 0.24107180032576403 0.2589737205155438 
0.3058902369094211 0.3385856414512073 0.27846513580011545 0.24405638409291253 0.2723104366931488 0.20189970870391016 0.21928550055019158 0.16579569603475564 0.14714407609214342 0.2489315682341241 0.0 0.18140843300996146 0.16154200745426994 0.1388023621816028 0.16224964025742206 0.20507821008810523 0.21856611368916568 0.20966394410599098 0.1970261805400506 0.2114789037544187 0.20860163611690163 0.14529836294660803 0.18500103421630765 0.22817877224088012 0.1687825925313584 0.19470699312134165 0.22395978911025616 0.2253991512544512 0.2204979010228263 0.2077875335413223 0.18433469909684275 0.2068676971304655 0.26129996529979616 0.21389747550164928 0.2340489234066453 0.2617831445353028 0.2086093126732318 0.23758519797290856 0.23433624897986816 0.18030694242398349 0.2013867010686311 0.24201801903522802 0.21770485457759803 0.1825236870810789 0.21189452596304703 0.263233683840958 0.26205635389852555 0.20268388885582156 0.2269224478412858 0.23784585310408923 0.24771174076334035 0.26652872183849396 0.19162262153771148 0.20573269518651016 0.20376520783813545 0.20460939372421583 0.19261243783355897 0.1998547315355852 0.23789886347059408 0.23748674241327195 0.22713281151940778 0.21080125406412875 0.25364104062443726 0.23214415238964703 0.19929887472481456 0.24568143260726272 0.2786321850937068 0.2682821356248447 0.25315629834339637 0.25183811573834247 0.24026978226111528 0.19395960981589777 0.21860711360034724 0.206634079512232 0.21360916994761137 0.22025042761339897 0.2271573066103727 0.19388360114296266 0.20792662231960024 0.2385695806802678 0.2771971717795937 0.20476483113548005 0.2602317239171127 0.27405421213444925 0.23230521445668728 0.19855615227698453 0.19408044551057801 0.2216727203371177 0.23123426929259416 0.293862226774219 0.28058476108245445 0.27813005773713895 0.1987501251178001 0.23288031158161704 0.21576597149057442 0.2712465053146098 0.25240340149589047 0.2937740272712758 0.2483707220874426 0.2757516442065773 0.26938082974395794 
0.31579638510965147 0.30675410091592314 0.2777558586200275 0.24997297705561394 0.26590837823356883 0.19042017939253753 0.2636886120916976 0.1778841834131717 0.18960268478444453 0.21727876386678702 0.18140843300996146 0.0 0.19580419591234677 0.17593553944756435 0.18353291734231902 0.1761508844415297 0.25383965726172975 0.20021424254102205 0.20340900763903824 0.16888080215957735 0.19927401687184776 0.17747558017130982 0.19053449807841283 0.22090325782057707 0.20239561218976454 0.2220804418065756 0.2511137041679745 0.2090619456899876 0.2074164165646616 0.20083632561878872 0.17971353082093 0.2294343067206066 0.23475626258957738 0.21491471321376554 0.24847423861829132 0.25629027884402356 0.2365775188900623 0.20987066667644072 0.2501247801572579 0.20109832847628462 0.2163146785996518 0.21610296244035343 0.2112452444294759 0.2519823562418386 0.27537543542377885 0.2719786319566352 0.2424497906396924 0.2404303664052121 0.2561159128935161 0.30155757022919827 0.25077712189138957 0.24800038215162112 0.25485334596282105 0.19879819527841747 0.20664990054580734 0.202387815044901 0.21478084115416674 0.2792067835584169 0.2429201096808603 0.2642150208483275 0.28475734745329706 0.2659671303169737 0.2699414236972145 0.27450048333057875 0.2157347163786999 0.2561140646238851 0.2724498019195688 0.30536119282337826 0.23512762521343256 0.3097957537282626 0.23362564725082635 0.24473016348711818 0.2339512110143105 0.2332028175101567 0.2711329325795594 0.27650491058786775 0.2671946710766192 0.24368095577202664 0.2323440004062437 0.2445956696523981 0.29400393703474137 0.2025933018701237 0.29319057382231317 0.28047804218528083 0.22482950167954463 0.26419145041624037 0.26013163411828055 0.2365757664052346 0.2431453212380783 0.2797879736791422 0.25703610316706416 0.297225072577612 0.24285376095894173 0.25999835899032864 0.2788066005301263 0.25305619795383794 0.2607238153146332 0.27427540778134296 0.28835317655312986 0.29019110793226033 0.2938276285560937 
0.3021557607364963 0.3033182442076532 0.27216630755178184 0.20696353809370738 0.23439795412014153 0.2059867267387412 0.21901116689888644 0.16379008777596138 0.18367601507808407 0.22734768535960037 0.16154200745426994 0.19580419591234677 0.0 0.15511846587204725 0.17377473899950713 0.18032538884414984 0.2003644007014712 0.1584220981002652 0.1943008774133378 0.18080172459796318 0.16412486209563037 0.1422555022821652 0.1839456791915235 0.16380440816574826 0.14912924434663377 0.18786611151625265 0.22099860881709354 0.2007939231039153 0.2101600301567288 0.19204797588313105 0.1580738843593512 0.17233572609738557 0.21087994703071655 0.20829674712425472 0.2074815617261856 0.20333799767551997 0.20627260965224614 0.20868077967078824 0.22922238668911665 0.1862249345260838 0.21019890889334436 0.19778716593077372 0.22683879950994112 0.20676763261196673 0.2215389879112981 0.2657507844046849 0.23602705919365596 0.239896128994738 0.2398932485288371 0.24379609337151797 0.2074496475035037 0.25830205323816435 0.21568759487370548 0.19639715219335774 0.18184914871760582 0.21687642621182102 0.17529408683773662 0.1945940647911656 0.22316729101969757 0.24452408188564922 0.259492616525678 0.23357114174058424 0.24845361665369237 0.2774448083504337 0.23622084252622078 0.2438528204696424 0.26317686055930456 0.2572459144534267 0.23841636516444176 0.2871248345006986 0.191171581227215 0.22989946593923072 0.22198157640029714 0.23703861649832225 0.24725460641971164 0.2590984861193104 0.25743562172790957 0.24397723479037403 0.20027859239977175 0.25790718212475927 0.24184719346246075 0.20668890077146618 0.2866918932615862 0.2885388091515383 0.23237107164014792 0.24497699842585052 0.21035817496751386 0.21392043736360045 0.237653375132584 0.2680848420442513 0.24301001347420925 0.282789973514453 0.21764348047540993 0.22739693874512612 0.263557628516351 0.24187605291636072 0.22215865398764978 0.28695956002160894 0.2641339819224846 0.23747955789318675 0.2848362398539952 
0.2757444412526904 0.30271354042975773 0.2610913285866645 0.22327053267704677 0.20977350808257467 0.16608907568820186 0.22009280841400958 0.1347580291287912 0.1755262156204097 0.1697688481582852 0.1388023621816028 0.17593553944756435 0.15511846587204725 0.0 0.18528969664889094 0.16949772815085062 0.1859939662236697 0.15628053597260638 0.14572324302425166 0.17837673578869018 0.17726657037338234 0.11266269997553147 0.1835692591821484 0.19298416238109128 0.164940113177112 0.15802721300514022 0.18454516822421418 0.19161561565323204 0.2161048087032914 0.17531571267457025 0.1669317322025422 0.18641683786999175 0.19782545350062075 0.2115134603970057 0.181566716589182 0.20809180305118247 0.17759061252882324 0.20201905070363302 0.23467531639368233 0.1706248816159659 0.2049626055292969 0.23565678592829364 0.19220689952180914 0.18694979475176854 0.17073448452797946 0.2512163407836019 0.24804681700527254 0.22809115139342406 0.21729115927896991 0.2507614782239601 0.2113028771375669 0.19589754268178894 0.17759740734098928 0.16967854382983072 0.16643630832626155 0.20183099110743585 0.16659625933150224 0.18926470393794081 0.18066826529722158 0.21788791634020688 0.20596380324869568 0.22602231443410814 0.24831372016928954 0.23034527084563228 0.19840902224217094 0.2148237954848633 0.22742456492558927 0.2210759418707956 0.2247030925247051 0.21555252961355342 0.2059969845679258 0.1954425559241192 0.20351909362912235 0.19655973428400797 0.1914356612135517 0.21221219093315147 0.19330892527180954 0.20886147928968346 0.18299951184100138 0.1836505430946298 0.20404086515164477 0.19284625136535483 0.23225057904192992 0.25146209343766857 0.18818593024166352 0.18367898021164397 0.2125712960000843 0.19931137532095777 0.17148484342891268 0.2668418982966143 0.1925867304287815 0.23433067017280917 0.16959450789514985 0.28005542060764366 0.22273610339394379 0.22589264058412328 0.22919710424197492 0.24324724421819965 0.20587055925458153 0.21248797301468392 0.2535393067324302 
0.3254748492749595 0.29583546824907414 0.2770560484920229 0.21438918105225602 0.23628711141769332 0.16875009853243583 0.23810266765527788 0.15626846424420526 0.17145251963344454 0.19383916720733285 0.16224964025742206 0.18353291734231902 0.17377473899950713 0.18528969664889094 0.0 0.17590154591987728 0.22443734202490584 0.15942158882304514 0.17528899637942197 0.15559547618840763 0.15942474743110335 0.161594746391999 0.21239969161834216 0.1990395085687967 0.1942215398361924 0.23081073089628512 0.22316168265829617 0.2043615992864991 0.22932824892481674 0.18931373762361192 0.18932195690965758 0.18281727348516952 0.19696012354432246 0.2097466542991635 0.2341534876341631 0.19432646753601623 0.22394795323483774 0.22126713657813768 0.2381332683251881 0.20950033486693476 0.22123123114533993 0.2648846933070633 0.2567099682739964 0.19803423732891345 0.2564437607149995 0.29298393695856806 0.25573517882855756 0.22247617504052764 0.23288196849238285 0.2532054597260708 0.2417231734871711 0.2966174554890514 0.25777298809053706 0.22912706021316676 0.22513450624836762 0.22679796666488083 0.23344376532238964 0.1956025982510622 0.25206476651921217 0.22904480203753363 0.24286850481781475 0.26230071952656986 0.25969978048068587 0.2701160905943266 0.2730537261747228 0.2812905009601985 0.2490842636255316 0.30160886655507424 0.24794583855898833 0.25389863009700575 0.20658727745629923 0.2607506773508962 0.2512335492092189 0.2453606643957883 0.26122391476685125 0.26212712200900323 0.2513187689275538 0.23640144439984256 0.21311088932190425 0.2665963995573334 0.2504338979082439 0.24021742631506315 0.2846441983011797 0.28378535225588175 0.21173270616905193 0.25872725614353576 0.25011112415098535 0.2251055062555477 0.24989035832008288 0.30088520505870064 0.22722151079076613 0.2984758413322869 0.25576584130338564 0.25208980818151683 0.26473426508477305 0.26288407628210453 0.2692206282164794 0.2660087254382463 0.2908099791173221 0.2626779241692129 0.26868554444934767 
0.2915297048337755 0.3018781859302486 0.2368943395633909 0.20633990045734785 0.23949856263271752 0.19223036651591874 0.25705974644841756 0.16487795878177502 0.2031559493257138 0.20093505942195355 0.20507821008810523 0.1761508844415297 0.18032538884414984 0.16949772815085062 0.17590154591987728 0.0 0.22676119639063386 0.16339309482031106 0.17395448127992041 0.18021796971300164 0.1792322177228376 0.17398738471453123 0.18900250780600636 0.1844432486895038 0.1718271572249782 0.20349733468806785 0.20279221922483337 0.21368096027399952 0.20697083650440495 0.21125887305986502 0.17128623306145552 0.17128296847075153 0.21638871577685648 0.2298853960804711 0.2139666956129449 0.18550120251890867 0.22075925386862794 0.2277324902006178 0.23049879423345043 0.20338885013084906 0.2135063571441459 0.23202151650421754 0.20872566403411108 0.23773083657216632 0.24199512278420376 0.25210853495272345 0.2485151625275167 0.22432148337618707 0.24621900682696096 0.23160203989792982 0.2306983558268012 0.2541920852906896 0.2226216713866681 0.20663761558405824 0.20298157243947357 0.1983354792001939 0.18500549898587826 0.2210269697009274 0.24273546501936683 0.227864160142615 0.2530103833990677 0.23468932750890203 0.2428724477963825 0.268192098058451 0.24759773794569817 0.2571948312358434 0.2610479500375208 0.26342145613591295 0.2564115059078689 0.2945828092101821 0.20132059169729166 0.22837106249886663 0.2464335099070385 0.24858254770611155 0.23957815258714132 0.2829746329083357 0.24926797621840513 0.24044472714469334 0.2134877450728171 0.23953187326549374 0.24640100779530327 0.23820827552823598 0.3058580921388989 0.27100376200566456 0.24125334154408484 0.2723816344088018 0.2129464850316808 0.2176164726668658 0.26871569203083623 0.27649347566377513 0.25288891458058527 0.2767308790335806 0.22491136266870704 0.23639351467507808 0.2770065562206855 0.26001180944459024 0.25014509367678384 0.2708419497119505 0.2524900208898694 0.256732051486668 0.2814690866416415 
0.276257246508965 0.2963409542677705 0.28232658981849024 0.25430982983116834 0.26056373933096055 0.21345256748659414 0.22606334806483053 0.22022850985975118 0.23164318396175743 0.23748947127658837 0.21856611368916568 0.25383965726172975 0.2003644007014712 0.1859939662236697 0.22443734202490584 0.22676119639063386 0.0 0.1954451131624666 0.2321121867023851 0.22580217695826454 0.21301668766463622 0.19232671360092934 0.20469262033963198 0.22077075925391498 0.23445961817195016 0.1997828377109533 0.21286693895578268 0.2193739645779872 0.17623148736220562 0.21493903076747056 0.18150592627293627 0.2198523325806807 0.2167427981244413 0.2408541347834965 0.24983407363763643 0.22428481041541914 0.25026870750047225 0.2328247563690018 0.2560331803241539 0.22075427920646562 0.25535122514435804 0.22468715157392127 0.26385865264092023 0.22715489487906693 0.2404215817330565 0.24476548559535838 0.26077770726234284 0.26546936589854264 0.2792191595914678 0.2614085986521165 0.2614966478727392 0.26786205692253606 0.24002602282738472 0.20300940218994845 0.2332241453419004 0.26806856254566036 0.1764136163332145 0.24120372600162887 0.23739642656408255 0.2479283213610709 0.258671977178215 0.20729902828999403 0.2832094057555059 0.288428711300294 0.2720737197874855 0.23816084549719307 0.23831989444247925 0.2682546082683144 0.2679542227264645 0.2546634714015358 0.24355734295273945 0.27172629273405136 0.24353934330616223 0.24710271139182738 0.29500318524592206 0.3043522376242078 0.27102742699629356 0.22245521538640778 0.2037005472765917 0.284591269635193 0.2578058366242286 0.2521259899213548 0.28309964130289667 0.2732335822455826 0.24161688847694685 0.28717937063689525 0.23690166694296355 0.24863370793005657 0.27463754926557205 0.2797156147326083 0.23771538792441327 0.2506908664785128 0.26315613874647636 0.2995994191510759 0.27734543147965396 0.22501861209939955 0.30390407372792094 0.28137038607492326 0.26600021437641874 0.27655371285677066 0.26601885389748237 
0.3049957789339536 0.30285932361835854 0.2825236370664759 0.20699781246211746 0.22736525151594633 0.22574680923296764 0.241855295189084 0.18955828584237477 0.18529745456635083 0.21118476864781277 0.20966394410599098 0.20021424254102205 0.1584220981002652 0.15628053597260638 0.15942158882304514 0.16339309482031106 0.1954451131624666 0.0 0.17158933139411547 0.1533871612859966 0.19183219997540835 0.14667907328940377 0.16744786192604388 0.18023030412311147 0.20523142677273254 0.19792341289650006 0.18788528138656835 0.1651408053920933 0.19260698788058328 0.14766517140029012 0.18635502152193495 0.17035995060837894 0.20612747364962547 0.184569625991982 0.21156783459469275 0.20382541512451213 0.19251550609254708 0.2108344608243976 0.2328437473824364 0.1623830511981783 0.18614331944983553 0.18402519685569807 0.19320887234253048 0.1724423593980342 0.23674022277636175 0.23252880970152368 0.23269208689925946 0.18978723871401582 0.22279239878543933 0.2148549056661131 0.21858650449446715 0.23915388928512205 0.1864147482470081 0.16632475479080067 0.1716977728655299 0.21951004150295383 0.14236974075947928 0.21050744194305737 0.20812302320923226 0.18759115167510898 0.21535574834474192 0.22373050513834647 0.2678381482248502 0.23773914995801826 0.20758705677685574 0.21311143032166835 0.2405905078887537 0.2400095917764532 0.2211131022959466 0.24940310012699995 0.19177238784756723 0.22737894556899185 0.19970572052678637 0.2262231712104702 0.24861880162149808 0.2597909160925045 0.2571731081974685 0.1802673633974885 0.1925747666112313 0.2054290446378111 0.22166583386683447 0.20690458030898007 0.2681021750712982 0.24940017072215326 0.176081726118551 0.2564383537982877 0.21866122226522966 0.2176423144058438 0.22400817650921878 0.2882410966702561 0.18213314726060847 0.2545899402018006 0.22530249299696736 0.21704201289038427 0.24569637792483323 0.22630278948377003 0.24769062449136825 0.22988153215040263 0.23885391904030373 0.24152367388607987 0.232883607833841 
0.299052778013039 0.31225266561151865 0.2639611625993946 0.18812371677627604 0.23467220517695553 0.1864123737193737 0.25376885523245907 0.17413922520522052 0.1768567518178894 0.21755404665138145 0.1970261805400506 0.20340900763903824 0.1943008774133378 0.14572324302425166 0.17528899637942197 0.17395448127992041 0.2321121867023851 0.17158933139411547 0.0 0.14262594950800844 0.17201253574126474 0.17226449368325636 0.1534184962375884 0.15428925397940296 0.17450816281286685 0.20036357901330137 0.21532115422500775 0.1647920523663703 0.20052775602257855 0.17234995490283989 0.12670731114111755 0.13363415146017765 0.19423566666011272 0.18719658135792905 0.1911092109538799 0.2077992623327798 0.18965864543230826 0.18346024159920638 0.19292072215589307 0.15723245523964358 0.20057077474273943 0.2226415223989605 0.2048593992668154 0.18584123287427334 0.2106492529446432 0.2563443096912078 0.2242385948166159 0.20764984516603657 0.23879852515439792 0.24385984620245804 0.19046724082532918 0.21572581580570538 0.18844062311217857 0.1741543254434318 0.18377263053400283 0.17534611524184662 0.15595019457597792 0.22329789730329863 0.2195072270897973 0.19125526908755186 0.22864784880161404 0.22248773899202223 0.2370963920263659 0.25394674133297346 0.22167261607494415 0.2149345449151927 0.24061764803007668 0.2432623912931704 0.22955740584780582 0.23976929298844185 0.17256460063765378 0.2264012093386949 0.23237356493019945 0.18834376482035153 0.23189340004720616 0.24674330537446687 0.2391889303572926 0.2311728207183098 0.1941945869795496 0.23094269675734247 0.24800412787762638 0.20764911086732474 0.2583143988893657 0.26925667938233666 0.206841122384666 0.2396437501223535 0.19937897912961722 0.19765192937694775 0.2058969865289514 0.24445386177217554 0.23418163187463858 0.23577094209622795 0.19086436130970097 0.21605626184763926 0.20267061095974603 0.19053228593963367 0.23023854624056095 0.24492381789968742 0.26640660744904066 0.2520556842953028 0.2404221415747516 
0.29945622115296366 0.2568675123584401 0.26111580916111554 0.2000822776746507 0.23035144307742572 0.17309903318673991 0.24718935174751588 0.2137064710856711 0.17438719263985913 0.218650807774447 0.2114789037544187 0.16888080215957735 0.18080172459796318 0.17837673578869018 0.15559547618840763 0.18021796971300164 0.22580217695826454 0.1533871612859966 0.14262594950800844 0.0 0.16149540209195667 0.18249414346849868 0.1677245255263181 0.16151794621286697 0.17801719770155577 0.20016816356776213 0.2077511051938109 0.16300947487837236 0.16346418255848127 0.20626160540086436 0.1381333004201445 0.16404372721356353 0.15963350071517057 0.1906781867768974 0.17992801449899587 0.16652927691203334 0.18895742940269145 0.21051954390813665 0.2135696336155355 0.15806331831001186 0.17685544314894863 0.20932068084655353 0.20051188666350905 0.19709644657050707 0.2196862543896968 0.24411871301760246 0.21934051353481732 0.18825652295512274 0.23846537227654263 0.21273711377969795 0.20145053919128286 0.2213523484789105 0.2028897888434089 0.17518632547886726 0.20814252135000033 0.18127823278667532 0.18678015354831845 0.1958804274807786 0.2201150969754503 0.2162477676782768 0.19060423936145177 0.22108668568243817 0.2361972346593223 0.2414803575680432 0.2452698038208898 0.227565292292372 0.20696174953439317 0.2781436827987256 0.2264285818553604 0.25918573015950586 0.1906652617947424 0.22589209762017803 0.20763119921078865 0.21754097596752786 0.28698822821208814 0.22434863294157248 0.21445677436427713 0.1971681583896857 0.14574888054538526 0.18764389095168377 0.24408749187813217 0.20229145545007043 0.2397341226934907 0.2809438664157974 0.20591007477989587 0.24311752431289724 0.2121938102191957 0.22540799821937563 0.2299667202693002 0.25725947727219856 0.20176824440587104 0.25118552311128717 0.20831037348961445 0.21711030035049206 0.219355481711888 0.22833031702397077 0.2573379014915823 0.25329626269856365 0.2574111131442063 0.21852577826386776 0.25636206998622035 
