0.0 0.9476886901939875 0.9471126612346713 0.9771658660192735 0.9710020372319262 0.9947446438046623 1.0101312495476782 1.0115348128726716 1.0041434903792774 1.000234078811611 1.0035496220489772 0.9931126665740623 0.9925656055621048 0.9967097337629489 0.9914172738531378 1.0216534898404197 0.9920440338494729 0.9827170400289233 1.006253965882919 0.9803935183589503 1.0069678023640596 0.9926523021748747 1.0034447945986913 0.9911178169272569 0.9858153719586679 1.0356509497213262 1.0454360291398799 1.0251406324116141 1.063395739914652 1.0129001632892785 1.034701710933799 1.0522978988159857 1.0206828340634362 1.0323942873001988 1.037961834486843 1.0225446031193868 1.0271421153533509 1.0551352186237364 1.0248064227449254 1.031326141667162 1.0262005493071595 1.0615712762186713 1.0401536710942876 1.0243580968771817 0.9928687159967063 1.0390030688798269 1.0429600824700491 1.0194916088188382 1.0433448546310664 1.048077826900804 1.0169979051633735 1.0760523409633982 1.032981939512462 1.0854739086846108 1.0327568442198798 1.0403109142953644 1.05028529437724 1.0218051936666082 1.030672503250095 1.0401666652042338 1.0191105415887427 0.9980035816003425 1.0138180617087207 1.0193898453066406 1.040981095376476 1.0331511934052313 1.0212980232592297 1.0120126770546092 1.0379079082825473 1.0224954351810605 1.0210914756227927 0.9793975681543082 1.0321242838280598 1.0470375527971318 0.993876503508599 1.01647363474325 1.0095397482747503 0.9860432274024159 1.0224894228914132 1.0268820009965003 1.0225661383594886 1.0336651142026738 1.0084068713365775 1.0139080211526128 1.0238704813157562 1.0204616812307359 1.0228902856711146 1.0296562240826128 1.032782668297793 1.0246715088017637 1.040170454005381 1.0108357453386458 1.0159103254317465 1.018401944976478 1.0066831580101547 1.0175303566142164 1.029837120686347 1.0178982782240211 1.0327585267051507 0.9952321982018874 1.0324377212566789 
0.9476886901939875 0.0 0.8601827244286273 0.9081286534484644 0.959656988587869 0.9759305865294728 0.9530181030439224 0.9197213304490811 0.9639598014510491 0.9252171597134219 0.961920757797139 0.9375166181497744 0.9701508033594076 0.9606565612893293 0.9330861511986277 0.9642238295526091 0.9651108665050478 0.9973150691663104 0.9478350866884938 0.9874063208427505 0.9877264587598524 0.9994798709541405 1.0253997062502032 0.9973531184944745 0.9868622401582842 1.019521189570833 1.0428887780854694 1.0002367198271658 1.0252987267090459 1.0248807055382019 1.0356190366799891 1.0433199271686675 1.0389483801486152 1.0143405582727452 1.0370077605087757 1.0762319164783176 1.019171069711954 1.0559261476877317 1.0257035976793922 1.0571016405656821 1.0232526249456653 0.9499710715056782 1.0891081150716906 1.022354831316061 1.0028161590293707 1.0442218965649772 0.9943735982654472 0.9996352688597039 0.9864188653538577 1.0359450095873701 1.0292521683559657 1.080884810707181 1.0248089967252316 1.0928780864496237 1.1110958209773116 1.0344429306447458 1.0306088942756777 1.0424436818366578 1.0349624375544701 1.028095545933131 1.0513057074644925 1.0864079184898832 1.022284659086664 1.0433591768660782 1.0336470332270593 1.0480826986708798 0.9949993305554713 0.9427874675803554 1.0304053101551391 1.0307845898867998 1.0252235339857219 1.017153198892094 1.0436037780798002 1.0389093350623007 1.052208629434127 1.0375690951788126 1.0432223795579711 1.0320499854793892 1.0104185170661242 1.0116631264887361 1.0240197151936405 1.0248375749251837 1.0195820063819727 1.0210614837322667 1.0208565189386656 1.0121740217165223 1.0255166708179135 1.0310910550178298 1.0522642746928526 1.0110355918309288 1.005405808995374 1.022941379764661 1.0362419502508218 1.039179868295094 1.0070760111541508 1.0184766613505902 1.0505704420477477 1.0210223178857225 1.027576960074826 1.0381905707355252 1.017221405900696 
0.9471126612346713 0.8601827244286273 0.0 0.8956282926531003 0.8642766059290258 0.9045993096118264 0.9122692507202784 0.869089397816355 0.9602817491856338 0.8782844342679966 0.9586237143942792 0.9729799197295588 0.9687101207462234 0.9215994707143373 0.9541075568990948 0.9457773865349544 0.8759609955485559 0.9920687506488957 0.9582480016501318 0.9766161692196973 1.0018019775889306 1.0001001325867371 0.9785956146088061 0.974555114277589 1.020878002938059 1.0315464519382282 1.018881536039625 1.0251929046502088 1.006139718159907 1.056781468090433 0.9943769614290446 1.035337403881059 1.026550396419284 1.0223043600484139 1.0436983298127545 1.05876862297088 1.0217379656292582 1.0433971103873725 1.0601295366221783 1.028210944462503 1.0272041702238757 1.0315436704059844 1.0390448044649845 1.0172698209852504 1.0157709060916347 1.0437457488668516 1.012563565621792 1.031327239016536 1.038827399825541 0.9791819186498718 1.0466814631196537 0.9963235873513903 1.0097933217493344 1.0183294613276395 1.0557420373875914 1.060520074438008 1.073468538098401 1.0467842123078477 1.036551715388314 1.0406419136372258 1.0362962454128908 1.0559215414469265 1.0093206758363762 1.024087590247015 1.0743350497822646 1.0395519383490381 1.0535958143457615 1.0755921808214322 1.044161665863822 1.0500680071777797 1.0581999995300873 1.039078595253546 1.0402475640151945 1.0431055399642088 1.0406512317261774 1.0742290482730683 1.0347417469634554 1.011907881556732 1.070037360558694 1.0221196763184022 1.036563375267415 1.0459192848779877 1.0446668839790525 0.9887395352575727 1.0430734543740787 1.0515006089517074 1.0441511216642039 1.0548372366860452 1.0181617619869308 1.0511475807218886 1.0235042303062634 1.044027220087105 1.0432270481414165 1.0147092207237953 1.1017866069974642 1.0209600216106107 1.0610570112963666 1.0094179104267411 1.0608469957738924 1.0265051372408045 1.0614144399493557 
0.9771658660192735 0.9081286534484644 0.8956282926531003 0.0 0.8843120780936945 0.9421288098996345 0.9476237086025722 0.9454144467206157 0.9411178123015833 0.9371518077571654 0.9561376308240995 0.9388067307988849 0.9531731349726272 0.9528740511816713 0.9535280978667255 0.9705733648286305 0.9970118405504297 0.9736509633356849 0.9358804540687705 0.9734118831988218 0.9777108043846856 0.9938420229877906 0.9966096234291224 1.0029148641488734 1.022760793959104 0.9136199580643007 1.0466192586711986 0.987420243139286 1.0106353070999001 1.0147509988722885 1.0443298185138292 1.027626676685211 1.0424754232076885 1.0279290249494257 1.0035036025095447 1.0523922402595152 1.0062422907651511 1.0138343991827017 1.0159072073382658 1.002433350974825 1.0481829880835996 1.0519601613260678 1.0310567516198605 1.0129134056418045 1.029662542084713 1.026016397895502 1.036036590302924 1.0133226051071542 1.0171611933762512 1.0177963398824184 1.002058927784549 1.0115684127808124 1.0330045156598486 1.0567211795279388 1.055168545733144 1.0348690137621117 1.0753893693337835 1.0618548032334072 0.9966681653535229 1.0344406005495337 1.0663056684911723 1.0279112945892606 1.0914916759989326 1.0340571530598162 1.0233873581096398 1.0436334057315386 1.0546934893765716 1.0674852317334023 1.0536677366884235 1.0212610366117534 1.0504770077745889 1.0229045786474258 1.0216824153404214 1.0417425318427302 0.9917763892126121 1.049439502601837 1.03487041835939 1.0327415689734016 1.056871575090359 1.0445327929218158 1.0386185728588189 1.0452681144512201 1.041156319556257 1.030715731330904 1.022970421123125 1.0494758249303175 1.0527736994068368 1.0292015986145049 1.0196216820915927 1.0121392670890608 1.0305692923581973 1.0341903040530465 1.047990756300208 1.0355133388838271 1.0343851156017354 1.0294780628924425 1.0326866886609858 1.0365296682212286 1.0338900556441644 1.0415838283205316 1.038789274969588 
0.9710020372319262 0.959656988587869 0.8642766059290258 0.8843120780936945 0.0 0.860558166296423 0.8937778652979286 0.9400762380043678 0.9377254886650563 0.9019154031428153 0.9977983498433005 0.9463872032414933 0.9720544098863398 0.9948904803776538 0.9477778765765925 0.935181488587757 0.9820250291479296 0.9649183444389223 0.9417889460063426 0.9797400362593354 0.9915339600027284 0.9969946941927317 0.9824069712098846 0.9892698034733615 1.0188514468217391 0.9975606342597418 1.0473867286263783 1.0848458391349134 1.0490706123579099 1.0233235790282957 1.0170432709239274 1.0346094584829906 1.0452877589306433 1.0304696614054483 1.0131683859106162 1.0064471935712231 1.0120950794924144 1.0823941679218143 1.0222300553588737 1.0388865206437032 1.008904936878012 1.0618786093879344 1.031617198530068 1.0192083410765898 1.0077800255234235 1.0424991873100296 0.9812298158549058 0.9754250614149027 1.0574138859408926 1.0511305902071115 1.0111429193961647 1.038102470717977 1.0304024710318946 1.1264110026048622 1.0650822810909402 1.0338331341164575 1.0742893476255062 1.0371785879302857 0.9852387824040417 1.0266644628000705 1.068155960207784 1.0924632697278116 1.06675829441562 1.0396971058533286 1.0759962699125136 1.0187391259263971 1.0495091203834317 1.0751413653383788 1.0302133210104236 1.0455516321562297 1.0592167763959213 1.0207026727992623 1.011170455457567 1.0390988485085617 1.026110256280375 1.0352619023847822 1.040530843639562 1.034680965693828 1.043576136641529 1.0333160597104643 1.035272304598971 1.0139364729717073 1.0658572262345085 1.0536302009664622 1.0196080427902585 1.0317622031812994 1.0141569940295323 1.0202187335796413 1.0214684923483097 1.012883003617523 1.0331288835288515 1.0319162500600063 1.041376921180625 1.0388716360627694 0.9776629319278244 1.0403888779314123 1.0261402101358401 1.0614448458626553 1.0118301313120621 1.0430606984719792 1.032476104428311 
0.9947446438046623 0.9759305865294728 0.9045993096118264 0.9421288098996345 0.860558166296423 0.0 0.8162456088838884 0.9365649841001713 0.8946021410909228 0.9201545366408991 0.9559026851606834 0.9381970397484855 0.9620403203291569 0.933839669628322 0.9506102662739153 0.9432087200480881 0.9200960948611374 0.9478284561985412 0.9222005795084834 0.9681950379191686 1.0082587503631981 0.9646466267883114 0.9896036504637863 0.9904264096473101 0.9941194099752753 1.0156286413028173 1.0274169404582973 0.9972017360323262 1.0132536666707468 1.026895199380605 1.0152382996319818 1.039906383879732 1.0355027482737582 0.9912494372792761 1.0249956100079998 0.9890257479936408 1.032706024912168 1.032661034123916 1.037015747660627 1.0423425782551508 1.043789836486501 1.0513452876828069 0.9963054659604202 1.051425206720441 1.0535693098911316 1.020016764408013 1.0275171931811165 1.0355355189018918 1.0244291073998306 1.0242054761897899 1.0163980764288436 1.0414440136571805 1.030072679265373 1.069218871846412 1.0571278535397064 1.0424512295724038 1.050196315693868 1.0336076998504784 1.0165755687578435 1.0335070128977921 1.0426383922203233 1.0915774873319046 1.0753105319016225 1.0255329594874354 1.1022316034207242 1.0518529176723233 1.0416073632500726 1.0692793879879532 1.0602907193010755 1.0380482159112343 1.047886941834202 1.0279520447021133 1.0029845248999922 1.0382785217286712 1.015321869390759 1.0565542520561286 1.011463587641241 1.0452191357358986 1.0375204625549428 1.0388597035646725 1.0327183817487993 1.0212127884163509 1.0356911376430704 1.025632134073252 1.028553452205446 1.0528756268386732 1.0504657399343957 1.0226085518151862 1.0140397109635417 1.0612751940572176 1.0354211610862507 1.0532106088278326 1.0489782872129205 1.011022561035689 1.0657936358693771 1.0395014593104717 1.0706899260841254 1.0474141718791197 1.049796127245603 1.0393758101537252 1.0713923386851512 
1.0101312495476782 0.9530181030439224 0.9122692507202784 0.9476237086025722 0.8937778652979286 0.8162456088838884 0.0 0.8802001107872576 0.8881882058771775 0.8938026886415169 0.9316561509588547 0.9386188904039299 0.9306247984874653 0.9413173365249315 0.9417791583036622 0.9927223143287257 0.9216077284743777 0.9675080892308556 0.9332337525614258 0.9640601597628208 0.9750266653155967 1.0104834410984287 1.000419915340911 1.0007565761018338 0.9647581924283605 1.0142998091631354 0.9979375185227619 1.055693392470271 1.0333556683458207 1.035190959070225 1.019039804525037 1.0619903331824376 1.0282767168976836 1.0297457473574096 1.0111000784680726 1.0054920140830872 1.0348512750440606 0.9735251158923514 1.0262916013891084 1.0212902635882848 1.0171954195069037 1.1090164449003244 1.0410574569421933 1.019782649204457 1.0155295491976883 1.034327417892656 1.0021566639713684 1.0329830571827834 1.005313196740274 1.0662985216676686 1.044372908835345 1.0294197928382862 1.0177294523070823 1.0562870958606594 1.0650013268690106 1.0617559969949937 1.013707963111101 1.0200754090240636 1.0162124792809903 1.0302049278150822 1.0351461088375593 1.0803186476188285 1.0712058517154146 1.0399088031522237 1.0428939850027716 1.0700741146151866 1.0175372717332085 1.0828775926669192 1.043417510515625 1.0530892019798728 1.029318601385253 1.0371923406593848 1.0293575958900798 1.0662723778804541 1.0223835507223529 1.034574823404475 1.0610390400437768 1.0429493286451519 1.0393439543389371 1.0184240074786441 1.028298873660876 1.039813667465791 1.0204282580254156 1.0326890397592965 1.0418474996965943 1.0639825448456064 1.0315703650344665 1.035704371214145 1.0929824603844622 1.0385245818030688 1.022790544593621 1.0438993720021732 1.0460623576059063 1.0465088529565827 1.0495762169344445 1.0490359795598774 1.054692766650897 1.034339657385951 1.0485285225722925 1.0408278718733723 1.04964161377185 
1.0115348128726716 0.9197213304490811 0.869089397816355 0.9454144467206157 0.9400762380043678 0.9365649841001713 0.8802001107872576 0.0 0.8918820922558947 0.8986393897704275 0.9765744036590717 0.9594648524475001 0.9435986980035203 0.9430449310480798 0.9456158420941001 0.9777901261779804 0.9324830514669484 0.9534137891428494 0.9609677555417986 0.9449837186015465 0.9801567494650263 0.999085699106532 0.9669930882804814 0.9557643130009484 0.9768743600520162 0.967187972014124 1.0046252579239592 0.996602477783248 1.02762483756362 1.0167452440309053 1.0273786354437657 1.034522278633393 1.0438451440926322 1.011414325408918 1.0229086317440488 0.9748397586771208 0.9885571574764443 1.101188579361107 0.9834884045003741 1.006282281856377 1.0068654538787203 1.1160347614197978 1.068096743661133 0.9676132629718246 0.9917876736329498 1.0105300097953822 1.0134902380744424 1.005582294452669 1.0016186693578952 1.0384042612514572 1.0274888778673554 1.0208863189397301 1.0240905980431307 1.07638119784744 1.0727586446959019 1.040469695641448 0.9921768633363619 1.0516122757013229 1.0279734629643946 1.0133788316224723 1.0171349700747505 1.010447719311325 1.0289150073669275 1.0534977563401424 1.0779078335577534 1.037621460840805 1.046222144261134 1.116783533484665 1.0327940724119773 1.028075591756381 1.0753370963849773 1.0402711262581656 1.0178290480189156 1.0633196610941855 1.0490080918839975 1.0487640993552851 1.0579349181536808 1.024498678610558 1.071853752957958 1.0695597792160534 1.0399108312549004 1.0537722351899517 1.0289926016263444 1.0562932964436835 1.0502996167854097 1.0550903858261427 1.0372212990851593 1.0309998053248404 1.072202904969047 1.0323822299769163 1.0178106367657012 1.033910864174516 1.0363925990908165 1.0365574905781767 1.049545647420856 1.0569087033347504 1.0470932762727838 1.0782531788088492 1.057594006909345 1.0524651853645133 1.037287893324926 
1.0041434903792774 0.9639598014510491 0.9602817491856338 0.9411178123015833 0.9377254886650563 0.8946021410909228 0.8881882058771775 0.8918820922558947 0.0 0.8777845074894663 0.872461541117738 0.9202119865170288 0.9226453701483288 0.9245758006143254 0.9729602270414027 0.9742228260724212 0.9520367717428292 0.9743690410675864 0.9491399857293864 0.9433240781858634 0.9688657201311074 0.9902276437044287 1.0010588466555626 0.990412705788208 0.9974656310964718 1.0161914926306674 1.0155766788064684 1.083085460188392 1.001680280777432 1.0587313480478664 1.0258033960403763 1.0231268266910105 1.0243048694322687 1.0546776922025927 1.0375912012495228 1.0412892081263314 1.0212977519083222 1.064042471942056 1.055720357314983 1.0233806114867403 1.0170664854089841 0.9833889958214597 1.0636680290587874 1.0117079839537608 1.0350181797358347 1.0226669673665014 0.9855393001954131 1.0255832786589565 1.0300812530291503 1.0126214145066286 1.0213914326594293 0.9188183114423852 1.0416434606349199 1.0571210210175017 1.0495990621684774 1.0450026552190146 1.0590461194443064 1.0265058809473573 1.0580272521605303 1.033607786836516 1.0460551215353804 1.1107266090056023 1.0366416667280662 1.0159482879918662 1.0629551525225158 1.0635623421132776 1.0542223752855957 1.0086476422412018 1.038259525425303 1.0301951356326153 1.0368917168887308 1.022924550579613 1.0024815253278725 1.0471176957645278 1.0379938814844778 1.0948818771522546 1.0394727799459758 1.013113727756646 1.0023648578230848 1.0356933696438972 1.0263864295472152 1.0403671046304672 1.0142415285478388 1.0428806968243869 1.0444867670217066 1.061967909617789 1.0331436905063052 1.0331923834222563 1.0371861502507806 1.0478574858418674 1.0445459397680503 1.0402069468500832 1.025686288554672 1.0159571999507477 1.0828624289360353 1.0719439629494767 1.0481413433927584 1.0490776108708102 1.036806356024423 1.0086829871630094 1.0320283453239347 
1.000234078811611 0.9252171597134219 0.8782844342679966 0.9371518077571654 0.9019154031428153 0.9201545366408991 0.8938026886415169 0.8986393897704275 0.8777845074894663 0.0 0.9351277740286081 0.8461103578595796 0.9530314764504334 0.9315849305466063 0.9137082223530889 0.9576114768602737 0.7521338200548715 0.9560900452909897 0.9809247515956989 0.9598882626495555 0.9527728062776845 1.0030818458381165 0.972955312197838 0.9698517976589887 1.0014439340958625 0.9536446285757535 0.9814176113908558 1.045484953252811 1.0492266042754288 1.0026695189187849 1.0098245035081728 1.0444051303837363 0.9964084472705959 1.0283019336162005 1.0164751535721326 0.9572297760583006 1.027077325833331 1.12947307993298 0.9518355671810256 1.0007269554942522 1.069790378073598 1.038370413707091 1.0271574585341905 1.0056812698001638 1.0446882255243428 1.021231954823609 1.0174059776451907 1.0158112470849603 1.0440770262548174 1.061180614054331 1.0135199987826786 1.037807114361678 1.0246679189742427 1.072652110258308 0.9739428909608971 1.0328740541738244 1.0127087015253964 1.0507185055800627 1.0328465060728498 1.0373385901707057 1.0737748014336406 1.0690514428137676 1.121537543006272 1.027556433229732 1.0273071351255265 1.0820847760839207 1.0563170830220863 1.0588499143447623 1.0747006331157232 1.037487649265907 1.0769737028183766 1.044260460463672 1.0289369689989787 1.0498732325111635 1.0273083170301516 1.0435770165955112 1.0690810437514175 1.0513256886690567 1.0014041627584156 1.0538664140295837 1.0460486234542923 1.0391167737108657 1.0552632118266954 1.0851224724952755 1.0478582831038405 1.0558112793034455 1.0400832654459828 1.026754897927313 1.0467181296167667 1.0256365467548567 1.0398807458339094 1.0377148343335667 1.0496483965510317 1.0500618073474175 1.0254686850592591 1.070621567689015 1.0577145674205097 1.0774309015685222 1.035024680046445 1.051668644269803 1.05766129810473 
1.0035496220489772 0.961920757797139 0.9586237143942792 0.9561376308240995 0.9977983498433005 0.9559026851606834 0.9316561509588547 0.9765744036590717 0.872461541117738 0.9351277740286081 0.0 0.7237324206598376 0.8671587958645479 0.9212189031312921 0.9586077213709298 0.9121795219997804 0.8588733084320108 0.9276367296173863 0.9350402812931329 0.9262694817558429 1.042779560623964 0.9635644889725336 0.9746592002188353 0.969824865755578 1.012689131549477 0.8259908407731005 1.061157902735601 0.9550385343376452 0.9848476882982652 1.0162949323055255 0.979894841203825 1.022377180886393 1.0372983904228374 0.998026399565107 1.0155566747901181 1.028425196200215 1.0639113530694275 1.0148353298294586 0.9922339710152206 1.0441127749320698 1.0612199056550478 0.994115057115255 1.0216664821987351 1.0546393468596147 1.0342629879982355 1.005123004675192 0.9909585520681603 0.9960174783995516 1.0962886255291915 1.0035334493934316 1.032975765720676 0.908123184195823 1.0256168185667782 1.0757164427795511 1.0733139531263716 1.0169490636837177 1.0666495576346129 1.0475034156487737 1.0155337388756562 1.0374683027149139 1.025796278655242 0.9962262368561913 1.0251783852803353 1.0567481596529382 1.1256467984377834 1.0624227316788286 1.035381948169749 1.0676181330220627 1.0974666378678213 1.0143848746362134 1.0901046872946665 1.0394885268231517 1.015377950902542 1.060750420408585 1.0415183923257423 1.100346461712509 1.048019417178972 1.0293418885676522 1.0764852947232253 1.0232295798630446 1.064275491829357 1.030290467604464 1.048438001076463 1.0512137221729023 1.0503692255980965 1.0671716326767346 1.0362112130406107 1.0423276475587329 1.0185857439394566 1.0364447752258243 1.0520980656155714 1.0394497644526097 1.0627602221518657 1.0654272467177042 0.9455072195107539 1.092001866697832 1.0428962357802603 1.152818327633677 0.9515135851837683 1.0202010826279169 1.0315278592899835 
0.9931126665740623 0.9375166181497744 0.9729799197295588 0.9388067307988849 0.9463872032414933 0.9381970397484855 0.9386188904039299 0.9594648524475001 0.9202119865170288 0.8461103578595796 0.7237324206598376 0.0 0.8402500863596839 0.9156541924077568 0.8947419684846468 0.9014453385278803 0.7853112300659418 0.9311763699305263 0.9333456563053575 0.9303340991963789 0.9029264588673631 0.9583990887625712 0.9769352143329507 0.975878083909852 0.9792896956959892 1.0917433539262658 0.9477459107291033 0.9622228462578715 0.9825885237556944 0.9957815245535808 1.038309756330226 1.0532165534826543 1.0048807421214307 1.028539063347847 1.018466837091723 1.0638062438813114 0.9941370609085698 0.9849037604008383 1.0624676432166131 0.9960593393102812 1.037149282697943 1.0839268521041259 1.1019405620106035 1.0053641997093359 1.0130875939769273 0.9965105856669779 1.0096503586514833 1.0296347724069577 0.957751674202591 1.0311018581773228 1.0522366879048561 1.0262528921514475 0.9938458570414803 0.8978802512084201 1.02686153869605 1.077596211925349 1.0886787780889757 1.0263744036771447 1.079914638638484 1.0509159831436046 1.0709226922346464 1.087311952359621 1.0010643625088813 1.0583459661908479 1.113742101735134 1.0503436727893547 1.059542037083717 1.1292016350428302 1.0064175323006317 1.0611455435106076 1.0416329542457199 1.0786227103477373 1.050191158371421 1.0506616370450539 1.0202269284686094 1.0359799926857232 1.059062973773468 1.0530856147803074 1.0486911134093218 1.032902988389163 1.0408051040925126 1.0841563242967025 1.041821327401588 1.025521639149554 1.0558245897356793 1.0697998748557134 1.0302121340736832 1.0606587097500173 1.099058292978844 1.0642936662734686 1.0720898169979267 1.0554423769321761 1.066428598048272 1.001408252154518 1.1428713150292027 1.027163298139076 1.0600822209558485 0.993762517029408 1.1143499277460216 1.029350524746984 1.056050534701888 
0.9925656055621048 0.9701508033594076 0.9687101207462234 0.9531731349726272 0.9720544098863398 0.9620403203291569 0.9306247984874653 0.9435986980035203 0.9226453701483288 0.9530314764504334 0.8671587958645479 0.8402500863596839 0.0 0.8570735547584413 0.8336358456456472 0.9156845540074169 0.6529103215939418 0.9322151522414815 0.9269752463111931 0.9223871107183447 0.8931663489871626 0.9674230915015191 0.9719328161462144 1.0129740732695998 0.9906229603472818 1.0023241716546005 1.0103725735529119 1.0465422773735287 0.986188828639392 1.0262597655812418 1.02092876809086 1.0361247487973126 1.0340822647154364 1.0140766520133413 0.9883890042210313 1.021986667168462 0.9974574630030077 1.0730806863585098 1.042631187822709 1.0326348867760768 1.041213664473993 1.1069363641285854 1.059673276176392 1.0109195387330414 0.9986967645380052 1.0698411293454242 1.016082884310922 1.0220884800744614 0.9729154274969631 1.0909245583300127 1.0018221811589818 1.02695112510707 1.0424998600337538 1.1840076230579164 1.0252086343180515 1.0187198494848995 1.1413627752177804 1.0498886087157722 1.004524923498582 1.0357592187605502 1.0442492479720518 1.0839487840580564 1.025913458752019 1.0340694270431983 1.1236761781706779 1.054566989004067 1.0442632390336775 1.055287901870482 1.0745454247729187 1.030376291076272 1.0425090163295119 1.0530006913844803 1.0352032665692377 1.0359934391344185 1.050129337048039 1.0433450810819398 1.035968307167169 1.0442661008648337 1.0491816714172046 1.0452204014268227 1.0517784889122415 1.0571347240676527 1.0494253122460069 1.0336968410294542 1.037786632576998 1.06019119853981 1.054744925824185 1.0423732676260447 1.033517396399006 1.0245552900101833 1.0602969455937852 1.0458273798771804 1.045741213810612 1.061060256126531 1.0461122445546034 1.0511782097284368 1.0432077406045754 1.0458462444520118 1.0530364129667964 1.062411572795123 1.042736084756751 
0.9967097337629489 0.9606565612893293 0.9215994707143373 0.9528740511816713 0.9948904803776538 0.933839669628322 0.9413173365249315 0.9430449310480798 0.9245758006143254 0.9315849305466063 0.9212189031312921 0.9156541924077568 0.8570735547584413 0.0 0.756354276559622 0.88026597673253 0.7861228232178843 0.9204168040149792 0.8867906528381815 0.8946481105247645 0.9016056661047308 0.9988744440510117 0.975036674374541 0.9647861754783272 1.0075542430109403 1.039554695263731 0.966202840896292 1.0371235351546007 0.9526840100603384 1.0204516651311388 0.9705729419391818 0.9922382679384423 1.031531494402285 1.0329595082935066 1.0007617220426135 0.9816022505678808 0.9710530862642538 1.1195332764854218 1.028708692634637 0.9975363163952045 0.9627269302356734 1.158234852610101 1.1231875304508534 1.052396743928635 1.0153980001569949 1.001143042210268 1.0633923341541647 0.9865747153361174 1.060909566181929 1.0464402303735236 1.0259259932439722 0.9724106278282777 1.0281738027224474 0.988561604482643 1.1158349884943854 1.0562544451804416 1.0562196639526626 1.0327057749875739 1.0385436036805373 1.0187447246679535 1.08457278658641 0.9931102469034008 1.0610701198980381 1.052574684601422 1.036956177508685 1.08138381488155 1.0634858457561096 0.9975739639038375 1.047955347359515 1.0495166981403268 1.0507526963600018 1.0281432283523397 1.0280473224096398 1.0742770287114838 1.0350051895235095 1.0257410612107376 1.0764010018856403 1.019017371429458 1.0578067834486138 1.0611508300268744 1.0258781466469595 1.0494329643056468 1.033478216203427 1.0614239298302728 1.0660440021364392 1.0645043303305521 1.0642797009701863 1.0518354481720864 1.1248466897919516 1.0761839764502856 1.0333036939478606 1.065391724931533 1.0654234201518586 1.0470877864882717 1.016582319413265 1.0809680354796538 1.0327773015253678 1.0759091784925356 1.057140796635218 1.0467835994813546 1.0563836230508692 
0.9914172738531378 0.9330861511986277 0.9541075568990948 0.9535280978667255 0.9477778765765925 0.9506102662739153 0.9417791583036622 0.9456158420941001 0.9729602270414027 0.9137082223530889 0.9586077213709298 0.8947419684846468 0.8336358456456472 0.756354276559622 0.0 0.7788929352596303 0.6438854898641342 0.8378134440227569 0.8959880262833686 0.8998837877287917 1.010700889366399 0.9772767052920183 0.9434084825483563 0.9974745009312131 0.9933293527074935 0.8926359561248416 0.9800706584648232 1.0906104854215772 0.9964068939663897 1.0119052296643036 0.9959275071901298 1.0029887232898025 1.0318397273642514 0.9891331590064556 1.0278697714392278 1.0333837942401454 1.084009208842433 0.9995411094137125 1.0380223530082324 1.0369211431872234 1.0800479417895388 0.9842803583707346 1.0915190791783504 1.0321969784746725 1.0804960798417338 1.0484142987871157 1.0643909239173792 1.0424044772398897 1.0383296202043528 1.032475916607941 1.0479991487965892 1.0774457344366613 1.040875456518456 0.9850236238241221 1.048307861772204 1.0561739334989768 1.060117195275741 1.079809804509153 1.0509914263790028 1.0823526220825455 1.0431812035407662 1.0336769314629943 1.0556032742986972 1.0191295188376337 1.125786539252152 0.9866135433735853 1.0583672827372101 1.120387940805677 1.0411337547533819 1.0140229355398738 1.019789480904299 1.0838649730303878 1.0403563616691585 1.0297649931767234 1.0293087674214123 1.1140154129626239 1.0342983292662566 1.0466466912947001 1.0559883722292183 1.042987283896348 1.0431033814224977 1.0590202122360393 1.0474088268914197 1.0043061722426954 1.073777015337348 1.066225397302265 1.0481344368278287 1.0155604728082852 1.050343740921831 1.0368308971404878 1.0493275325354856 1.055526628666396 1.0595286679368656 1.0579174456140767 1.0136087083799508 1.0679556205580243 1.081176746686062 1.0843235933618327 1.0316654285209053 1.0377695053334268 1.0917986357617728 
1.0216534898404197 0.9642238295526091 0.9457773865349544 0.9705733648286305 0.935181488587757 0.9432087200480881 0.9927223143287257 0.9777901261779804 0.9742228260724212 0.9576114768602737 0.9121795219997804 0.9014453385278803 0.9156845540074169 0.88026597673253 0.7788929352596303 0.0 0.47827375634594116 0.8732398052385096 0.8634583138591827 0.8313739729975256 0.9228295506048404 0.9843490749598596 0.9657656968123811 0.9777186209067426 0.9812062793246622 0.9848592559753017 1.0300110633783977 0.8563968359544035 1.0003718167568043 1.023677811397392 1.000161823824543 1.000586573394791 1.0129289376531927 1.0356544432696015 1.0126019275926634 1.0331415610611903 0.9995656439247098 1.075590206814828 1.0160943871762655 1.0216087874139408 0.9745595727836448 1.0879164238144368 1.1011863004968767 1.0324924912793887 1.0213399992207008 1.0243889980458154 1.0507989081431537 0.9910360955280626 1.0588588405272663 1.064777114879712 1.0087250638861176 1.0543376572864909 1.0578071285594313 1.0224884305600315 1.0162098685193945 1.0481718252533467 0.9980388609315636 1.0559065650522834 1.0048534598266445 1.0319982879544547 1.0690949973665926 1.148859888847202 1.0229534274864682 1.053735578379011 0.9812590772215507 1.0938748555829148 1.073492191037337 1.0976258465936803 1.048212128371219 1.0515994503108441 1.0370276285662627 1.0091812092323476 1.0461206362077589 1.0726580604022542 1.0392681433827298 1.0222634993217856 1.0529611226279016 1.0718485815901753 1.0644937373268395 1.0510696351658757 1.0452165748167523 1.0465293218378464 1.0099823619997859 1.0346360325594024 1.0647732981789548 1.0718144613978706 1.0790860585744761 1.0503882912137652 1.0572902835799183 1.0504900789732714 1.0497566194887018 1.0551544748473938 1.0601588548382481 1.062672217439398 1.034686509674633 1.0721215504673414 1.064777060694523 1.0472733685203337 1.046658598081753 1.1019259167222657 1.0623725024439805 
0.9920440338494729 0.9651108665050478 0.8759609955485559 0.9970118405504297 0.9820250291479296 0.9200960948611374 0.9216077284743777 0.9324830514669484 0.9520367717428292 0.7521338200548715 0.8588733084320108 0.7853112300659418 0.6529103215939418 0.7861228232178843 0.6438854898641342 0.47827375634594116 0.0 0.6476402549282635 0.5427012723166567 0.8431505493242532 0.853870532164378 0.950036721848356 1.017157681023721 0.9449243380630393 0.9255994955707522 0.8879673348977355 0.7733102943647918 1.0439704737681248 0.9194997308602231 0.9140976754904855 1.160834988516573 1.0120598339787763 1.0778788185291017 1.0263845020467888 0.9555573759064877 1.0739830417368057 1.063305773100997 0.990256969377382 1.0655736054683302 1.0649737446317127 1.0969536493104644 1.1833279565328125 1.0639026938513776 1.125423123827 1.066333554860511 1.1438659701443603 0.8876022611783563 1.0772947226903689 1.0494172819270355 0.9209947897388115 1.0447551622148006 1.0380473430778696 1.0401401100782284 1.0780650250918324 1.2071072536017549 1.0412864302441944 1.0752028516123031 1.139271502870574 1.0950612313408896 1.0888286192966277 1.0667772734261132 1.0556932003451562 1.1281317023137618 1.0699606054651576 1.0325373491008103 1.0956667287744228 1.1013879302306901 1.1079476461016926 0.9816165703228636 1.1193945740987123 1.0910903496365405 1.0532316439718796 0.9866283225651629 1.1086160658943514 1.0499881756764307 1.0940287543800649 1.1209083711637506 1.0303668614022052 1.0751896690069769 1.057911200500156 1.0828912184953403 1.0973686133986258 1.1080021588810949 1.1538481509724965 1.0285831153762663 1.035114773258533 1.1089535697633415 1.0854672996301233 1.1693690252635305 1.058518514510913 1.09521427905846 1.0805704933634945 1.0916674129156416 1.1127687169491007 1.0861922713270116 1.0251717486696847 1.0747036858846701 1.163006366098636 1.1393383340827166 1.1111466952099123 1.0717301104277268 
0.9827170400289233 0.9973150691663104 0.9920687506488957 0.9736509633356849 0.9649183444389223 0.9478284561985412 0.9675080892308556 0.9534137891428494 0.9743690410675864 0.9560900452909897 0.9276367296173863 0.9311763699305263 0.9322151522414815 0.9204168040149792 0.8378134440227569 0.8732398052385096 0.6476402549282635 0.0 0.87287337375168 0.9252326554423658 0.9206583091426318 0.9415163570124088 0.9710698733933636 1.001110445222638 0.9910247885018121 1.02510592068626 0.9795097697390336 1.01313591633636 0.9517699255080498 0.9974340187349453 0.984381312964608 1.0084774108876564 1.022742371338317 1.01836502631083 1.0297963046420147 1.000446304658747 1.0025060161887924 0.9871240840551467 1.0653511083890916 1.0145836357886722 1.028997484796933 1.051079711684329 1.0137877364851189 1.0033489886046054 1.046889490657397 1.0413844203632583 1.033118656478595 1.016029489187967 1.0162444237124766 1.0999684864211128 1.026246953399824 1.0067698760705848 1.046409530344656 0.9709204413016034 1.0549269175442115 1.0416748665585247 1.1397366982114354 1.0385484609725304 0.9971266002836037 1.0306478835258122 1.0443310956557132 1.1183410654791 0.9947795096889117 1.0457601659807318 1.0564416594456896 1.0628250799686405 1.0446658441411738 1.010625057883213 1.0500981308945831 1.0369242188817032 1.0163208771077226 1.0314562939642247 1.0131978848998098 1.0361941621338315 1.0338349894126346 1.0258782769413872 1.0513221390912213 1.037614550721384 1.0497223742668373 1.0605582235246425 1.0199145505915381 1.0412347744626682 1.0324280865939077 1.0285576403056116 1.0615641236133277 1.0616804850426962 1.0609433989886548 1.0504600890415623 1.0797594716951242 1.0545910680470636 1.053833419649106 1.0439120139721012 1.0607104183444558 1.0356002348787923 1.047149128337785 1.0550474567172938 1.0612936287809418 1.053602428074637 1.069331229467694 1.0675920755216641 1.0963936162350876 
1.006253965882919 0.9478350866884938 0.9582480016501318 0.9358804540687705 0.9417889460063426 0.9222005795084834 0.9332337525614258 0.9609677555417986 0.9491399857293864 0.9809247515956989 0.9350402812931329 0.9333456563053575 0.9269752463111931 0.8867906528381815 0.8959880262833686 0.8634583138591827 0.5427012723166567 0.87287337375168 0.0 0.8375129471002924 0.9415014403781654 0.910015723786228 0.9610983703992745 0.9654284288764455 0.9588875826112946 0.9194106557075985 0.9543105906378835 0.9834931896682347 1.055908904219189 0.9946699957089558 0.9935332782793045 1.027827600718633 1.002443162586527 0.9800926958768928 0.9833601670258645 0.95594848742319 1.0623153156571168 1.0370393513710519 0.992258368035255 0.9657002123919856 1.0760381419120701 1.0866082759997402 1.0415952570991522 1.0348531986204346 1.0541146612283052 1.0458836951295802 1.0610043418061723 1.01889811774081 1.0372368400866199 1.0722922404587738 1.0401421275519545 1.033707236977574 1.0587513347314068 1.0425277877762475 1.0219326160152773 1.0495151423841975 1.0095562570755612 1.029083589898085 1.0537702464533236 1.006058948780057 1.044812440955205 1.0010633691072006 1.1154162410474924 1.0495969935807643 1.0787173798555436 1.0592461113451772 1.0512868170605467 1.1152313268468683 1.0510658856371597 1.0393721414058004 1.0358924808093453 1.0185226166857122 1.02084644877387 1.022131366473416 1.0323695504302013 1.0818040313277455 1.0408039509219396 1.055158770092763 1.0348483281265226 1.0650994867750512 1.044039410908918 1.0286785230387772 1.0450046117562193 1.0339996105265445 1.0790250627152864 1.0840187060804418 1.0512427597831655 1.0671723545784177 1.0287583333511294 1.052570706688899 1.0852681094709298 1.0630887012854668 1.0834238054195784 1.0452455455316567 1.1325779136846919 1.0691732125885982 1.0446536811128284 1.0214167819146311 1.0987697563318681 1.058871257453634 1.1134334002545914 
0.9803935183589503 0.9874063208427505 0.9766161692196973 0.9734118831988218 0.9797400362593354 0.9681950379191686 0.9640601597628208 0.9449837186015465 0.9433240781858634 0.9598882626495555 0.9262694817558429 0.9303340991963789 0.9223871107183447 0.8946481105247645 0.8998837877287917 0.8313739729975256 0.8431505493242532 0.9252326554423658 0.8375129471002924 0.0 0.9455611621554963 0.8805263353329109 0.9311075710012033 0.9462392868880162 0.9291927351014742 0.975137053877162 0.9759210860011459 1.0357029261607296 0.9452035937691649 1.028805955947805 1.0339233044780294 1.0405243078599289 1.0212321400078304 0.9857757101587866 1.0235794469735362 0.992130560022551 1.0202192903053995 1.0139791288443334 1.0197439257258907 1.0171348528920776 1.041172259297138 1.0799119324040019 1.0772034452596144 1.0256003287339932 1.030686704288922 0.9848704104244846 1.0334503706770233 1.0440291948355072 0.9261780906693615 1.02356601868163 1.04712831955701 1.0532560768541959 1.030201207346277 1.0286434948992689 1.0824308766662765 1.0510704214405033 1.1607526218149133 1.0310772147586933 1.0511401708368846 1.0281663094134696 1.0042721704799298 1.0774833081608943 1.0369377507069193 1.0410441135553965 1.0574289743232779 1.0435281921413697 1.0171704815004272 1.0938959184682442 1.0691324869657601 1.0044172461691294 1.0176729185022582 1.028271926590433 1.0232554686203923 1.0388927549803866 1.0394503288148191 1.0888302802338485 1.054860629647913 1.0261567842161066 1.0489747332068133 1.047115403694803 1.027022309477133 1.0525292354571503 1.0374964356093552 1.050511050573263 1.0774170597312478 1.081556387765715 1.0439379096702552 1.0643142356116686 1.0531646573337747 1.057331227670631 1.052024856916697 1.0685203887816919 1.0550109102689917 1.057546639922384 1.1030817048248243 1.0677887967936583 1.043601679679889 1.0762355505570813 1.0687873472728975 1.0366405856483245 1.07127919731522 
1.0069678023640596 0.9877264587598524 1.0018019775889306 0.9777108043846856 0.9915339600027284 1.0082587503631981 0.9750266653155967 0.9801567494650263 0.9688657201311074 0.9527728062776845 1.042779560623964 0.9029264588673631 0.8931663489871626 0.9016056661047308 1.010700889366399 0.9228295506048404 0.853870532164378 0.9206583091426318 0.9415014403781654 0.9455611621554963 0.0 0.7556733962806184 0.8645162597140916 0.8857511664026543 0.9072163576291424 0.8926740306162245 0.9340728388740328 0.8542079891642749 1.0329447605480202 0.9634414963273232 1.012338248849329 1.0393803899051506 0.9938130072236204 0.9730096678351497 0.9670848412904842 1.0222807182430298 1.1034672123410134 0.9309461731848537 0.9481968815336296 1.020217395711483 1.1018382079536646 1.1968033614660296 0.9641862954952914 1.0247673089528944 0.9917395952889374 0.9868593243827325 1.0857067931559583 1.0427578551735104 1.0211629586313697 0.936344915927294 1.065939991456541 1.0950054865248653 0.9906447496708507 1.003541548383249 1.0541925900940403 1.0781303115285 1.043490394998937 1.0446584903342016 1.0630508943220764 1.0685238534675805 0.9894854918356194 0.9500069942723055 1.049974551211101 0.9943549977157169 1.088097212706795 1.0333618990186868 1.0133878274528456 1.0531452310855773 1.0784447682357454 0.9733163798234745 1.0863825807043985 1.0684160935923388 1.0424612627021757 1.0252720249868668 1.0411967365510426 1.1162352918630092 1.0450816533804663 1.0209698161036804 1.1136032117161563 1.027073866124282 1.0595602205903538 1.018695773121686 0.9683070053089748 1.0481609024550687 1.0133240767471163 1.0614285576774491 1.0434237186749615 1.0872026708068363 0.9586612143479343 1.1206315440453811 1.0576230706485799 1.047350994113938 1.020976764631993 1.0424381122874076 1.0265624088253207 1.052335028585233 1.0746338696792308 1.147064678228005 1.0192081597359632 1.0266661757332363 1.1054087289508665 
