0.0 0.28066469839717123 0.3073770041095434 0.30763476516488575 0.2791934213609403 0.28735351169819334 0.2853725776282825 0.330466860445653 0.2854322385269591 0.2769864884101453 0.3192914022385377 0.2827166180543511 0.31740125099625993 0.2989470682182872 0.31723228609541854 0.3059178840385449 0.28179703941158163 0.25944679080107313 0.3005488090359254 0.2610128139484774 0.32180563813617424 0.323112016273588 0.3201974338310358 0.359372883376892 0.32727805608700533 0.32744682076097564 0.3333332093891871 0.3440996834049843 0.34938871295101437 0.3418523720372788 0.33110834030612835 0.37078777576515143 0.35183328517864587 0.3496158357359793 0.3706637451416609 0.3264166410268955 0.3494561799272802 0.3516291421004608 0.35379727599943567 0.397617631047137 0.36241007208749587 0.355856840752661 0.3855469971882842 0.3892496164973187 0.3542788544540857 0.3763149357695389 0.3778845129584504 0.3482505567897136 0.33473602986923934 0.35732920836036 0.3379695821946165 0.3389111434834807 0.37259973515702316 0.3606106223769462 0.33283541813370954 0.37158451814749416 0.359728246208288 0.3435826598436833 0.34868312338116236 0.35773314869015316 0.36641026025636847 0.3168335028313636 0.3314120165691956 0.3545080708639562 0.3328435048629752 0.3707860510155825 0.3529306144629273 0.3436417565993146 0.36268992374713893 0.33943026770874885 0.37931577756118695 0.31272698434903257 0.3728131743379829 0.3919392805596835 0.3416567527105159 0.3319575875425097 0.3360545419420552 0.3402658839225283 0.3080518785533334 0.38713266088378606 0.36820975404172285 0.37820902681746194 0.38572182892449913 0.40340944318010674 0.38166546807755153 0.3784454364893224 0.3372366906253822 0.3576141460242629 0.3605296501458134 0.390266109601519 0.40476941189667603 0.3992312915071672 0.3564804843355053 0.37728144616338033 0.34730720988083774 0.3810139168326312 0.40071892190346436 0.3953477310077096 0.39276613012859685 0.3694609821094177 0.4094084162461895 
0.28066469839717123 0.0 0.14420198739476064 0.19045947712760758 0.2314835129340227 0.22233969647905438 0.22110368257724378 0.17231796958650647 0.17721947906603008 0.14384449400686494 0.2379446250159557 0.18418868007352085 0.21359368792956268 0.22175455194816274 0.21968434035346185 0.22782356306801033 0.20281578928984678 0.22097194645834184 0.2064765215450921 0.24676570029590505 0.23565516781310392 0.21107270552371515 0.2819563405255213 0.26882641573673416 0.2931519529198231 0.22913346089433373 0.21192450978761257 0.29291477233857754 0.2568664527119021 0.25952770466055963 0.2611583863315694 0.27414768824161506 0.24089401786582798 0.22613256913682345 0.23613370684121604 0.24085269745697202 0.2282198982001551 0.22444160128887014 0.29142109939901406 0.3136890012871263 0.25247275540917613 0.24763823936861762 0.31379503477068826 0.26648476611663885 0.24801049714969026 0.2516914429922025 0.21358157624376606 0.2592423054977794 0.2401889408947886 0.23510541776083627 0.2287441304693455 0.28906269350113944 0.2527189394076612 0.22950191911398388 0.29325004560501367 0.31264708417793197 0.2518824107811318 0.29381205478152883 0.29083209576011115 0.26103800994916415 0.24515626992634176 0.22959606994647586 0.24335740941011064 0.2666018468534329 0.24446890038725944 0.2932274955855446 0.27991878382192137 0.24220623197520585 0.26530585649950733 0.21935890496781119 0.27435980458060794 0.2717906775868556 0.299943214395772 0.2948107526836752 0.3002625977318598 0.25028302293230376 0.2922641220752923 0.2635459434574391 0.22653605002376165 0.26414322320377237 0.30672470182709133 0.28025701589902186 0.30221632933300413 0.31735826943204637 0.3249414719052892 0.24581746765173673 0.2658479845806704 0.32965007938640356 0.28963995736145975 0.24633816663920238 0.28668462764291824 0.3511443396992714 0.3122924657497421 0.33389363585867515 0.2796002627318448 0.3317051354760947 0.32029551708106685 0.32118727422739546 0.25962536460521957 0.32767990924468626 0.30976600868130333 
0.3073770041095434 0.14420198739476064 0.0 0.2351892771928954 0.23303496781177602 0.1978926487643754 0.2381646186495281 0.17154859719646098 0.2212089410559368 0.22248941185776838 0.26501589384742363 0.22926003414644358 0.2545538900104235 0.23300167887734358 0.2630177628291154 0.24836058715719567 0.21091605737965569 0.2652826200684071 0.23351706806645567 0.2768775617470647 0.2534558924129726 0.27570818878163483 0.2991345168279853 0.2830675865563591 0.33303920016614363 0.25005301860034734 0.26020198229259317 0.26841909167000233 0.2562616494703096 0.2864325760232458 0.26386892879893264 0.3033161220860502 0.2535173921059486 0.2542282832429247 0.2617127988663732 0.2694992398761875 0.2590357744970393 0.26896713289138496 0.3096180764082549 0.324254552260382 0.3097545413871514 0.27820956383570217 0.31563885567350825 0.27913472112592186 0.2743085294291502 0.2758798069783459 0.2368913096657027 0.2997686245714334 0.2895750668824014 0.25104752741816605 0.25949057303886836 0.25851212302727744 0.2753714686496306 0.2753514237686505 0.3053372643624287 0.36028566682096674 0.2998051803319405 0.3177976084463614 0.329803947973746 0.28377046822504415 0.25747318409299713 0.23893942507356403 0.28314977475151504 0.290298588392364 0.2861469033720083 0.30126033826815724 0.3271689498623255 0.28444072721021374 0.2955353070452168 0.2613171940820338 0.30792196010458195 0.30071819422575163 0.32322738378645255 0.31305486031009 0.34040857123356083 0.29876826681273627 0.3236818085611448 0.2707227353889182 0.28655473648756924 0.2954981535452418 0.3278983757217072 0.326675887791696 0.3410193261225398 0.3440778460765598 0.36600229485630054 0.2749353166750491 0.3223781607000762 0.33789045503965476 0.3179198426619225 0.2836886374938037 0.3246466271413202 0.3848599239922075 0.3214273649426489 0.325606407879638 0.3222361388279097 0.3611860580717602 0.34957560310881586 0.3548959265679422 0.30167993713529195 0.3521484447836377 0.34411299470239876 
0.30763476516488575 0.19045947712760758 0.2351892771928954 0.0 0.15225015474923143 0.22259292953438126 0.23541410331525026 0.24743820836806774 0.2142233519268566 0.20433689381233677 0.20258150016887966 0.1940063204103173 0.2197335769246478 0.23381884224626315 0.2339334525236335 0.22445816384925443 0.20934610648096785 0.24335326878361152 0.17548164262231658 0.25796391185926604 0.27435419216001267 0.2608353925058763 0.2687046795960861 0.29174958831650744 0.29307730213409544 0.20495714191213454 0.28219477147081296 0.24877243073493105 0.2533295251879596 0.23928302971692816 0.30963282278984916 0.278761962682747 0.27745053441362466 0.2982711770340304 0.2667907020180852 0.2884764764698905 0.25350988229257354 0.247325081475677 0.2939795384228404 0.2965168428671491 0.27656956070955074 0.28289651502740365 0.2964408868069349 0.28417558009953303 0.2828761394643651 0.30920062005542737 0.2993144738280985 0.2536558224055918 0.2641308173689466 0.2655425765416245 0.27009799103007204 0.24250258447032091 0.31776905605308303 0.2714100816640761 0.2769803682480594 0.30033642430294993 0.27582044064672695 0.3100678480477518 0.30275396135569954 0.3000402988998142 0.3147038550069867 0.2808221975671167 0.28806438314016714 0.292124472540668 0.2520455694064999 0.30621208051799087 0.3205658025336019 0.2858376145338264 0.301422475942452 0.24145650847644484 0.32220181571442574 0.26156403343678036 0.28977868402453755 0.3096992250611923 0.2513318150238991 0.2941222344331036 0.2689099755257658 0.29422643365827117 0.2798565937055342 0.3345910650606593 0.30711747881046747 0.29794977397514144 0.3484208498775395 0.32228066226683494 0.3481441219346295 0.3139983155651104 0.2942868779367829 0.30159834630616533 0.29690396215218373 0.30209193215566976 0.3502551009954964 0.364769704175125 0.3406672414312406 0.31658571938233926 0.31341661286221956 0.33519982800795545 0.3467221935455608 0.3411745347395898 0.3255882595566698 0.34553068373067475 0.34817104894089734 
0.2791934213609403 0.2314835129340227 0.23303496781177602 0.15225015474923143 0.0 0.17968583453034281 0.1923396782017157 0.2269366155105168 0.21152036332842994 0.21143569822681207 0.21689288396803585 0.21181027742942393 0.2497229436058478 0.24419202347947666 0.23510370061160446 0.16324635755488925 0.21214618183420197 0.22490467103418754 0.20963675375541857 0.2581755833881494 0.24847777035841567 0.21927030804968073 0.2625205010801914 0.27069868595338664 0.28485106974832175 0.2558030693506472 0.2658032442605869 0.2594891585021354 0.2722073440971914 0.2572591503622508 0.2490624182700385 0.2475032164194566 0.2712735670661661 0.2869940807554455 0.2531666267453222 0.27750522175180414 0.2706954446741662 0.24077550293793548 0.26666740494920327 0.2857752004677614 0.28674543285734444 0.25860961843641594 0.287688384696118 0.28871067343807555 0.29754080875214495 0.3208846101720443 0.27794183732845057 0.22824203819795053 0.25783905587054534 0.3106143063454301 0.27729379868288906 0.25837015181320944 0.28679032715035413 0.2669742979356755 0.24489499310378304 0.3024721426052722 0.2796586606038831 0.26394110904655443 0.26665476424179924 0.279032772071961 0.299283445598972 0.3131768451189797 0.2772666942427877 0.2759265649330753 0.2916958811297695 0.28769079881662707 0.2976050095876538 0.2930289343797915 0.29766921085907105 0.24698875608486504 0.3213613951232135 0.24770036276985485 0.27956272292111206 0.29973883036592197 0.27181421254153026 0.28106794698719517 0.29852965935618403 0.2827322381830977 0.25421930097486645 0.30974808497162765 0.2893152154891827 0.2808217600968771 0.34455596674434097 0.3434117331155141 0.3053913731803678 0.30416405874283403 0.25242330517260037 0.2700396547868107 0.27454856759100843 0.2928634655886323 0.31661857035707575 0.32506256724047944 0.29561133374375925 0.293604369372908 0.27016269800024684 0.31326152357408044 0.31270171363750543 0.3195515925278385 0.283394097361516 0.313973567425727 0.30483727092418234 
0.28735351169819334 0.22233969647905438 0.1978926487643754 0.22259292953438126 0.17968583453034281 0.0 0.1415048099565459 0.21954973321538784 0.15578014715043764 0.16092052610121732 0.22927028664925042 0.16469366404314234 0.24753355892179685 0.21639918229875943 0.22667939880561516 0.20164723361881476 0.22310358469955627 0.17544350215690596 0.19398291326808947 0.20452291498260722 0.27763930757143707 0.24357954837664564 0.2495861054756332 0.2895717496933434 0.2809522192442684 0.2520246303535867 0.2628003731360239 0.2705174017935814 0.2457815920202051 0.2670220093027097 0.24794671591986706 0.2739899266631787 0.2857982486791427 0.2537015036791779 0.25755710107698004 0.2295366816971719 0.27286926026779035 0.2467683159381192 0.2918331006841872 0.31343462218805374 0.29091004988500724 0.281277003360081 0.29973490596308583 0.33986564845391765 0.3096833903556394 0.28790697061848636 0.2925482814805219 0.27052594221372295 0.23734884231882403 0.2909930750269013 0.2710765252310847 0.24843483655875065 0.29973636197389153 0.2581442825415947 0.271254763404174 0.30261636033391137 0.26831876855637615 0.25058336476234666 0.2727031929805199 0.2755637451509244 0.28465217537679033 0.28795575189421996 0.2754350460052175 0.2703630207466543 0.2657461746632541 0.3152900850054007 0.31361968426361075 0.29727682514996134 0.325204657667433 0.27643822730259704 0.32370441375728765 0.27740507613000864 0.2870309177839385 0.31052457066360817 0.30704993222543164 0.2680676591785469 0.28301221447979674 0.3176306154288271 0.2618027163244139 0.3379228700251258 0.29652872813804954 0.2999120078978281 0.348264355676532 0.3511281187340678 0.3372844182281094 0.317227499201047 0.29642362849878046 0.2975130808350074 0.27082145587593187 0.3363049119740984 0.3424251118414684 0.3539354554388102 0.31838406589863655 0.2946446877753829 0.3306483171430302 0.3379031681529714 0.3543865363750712 0.3597552361447176 0.33736959170543046 0.3316084101806578 0.35959105291678284 
0.2853725776282825 0.22110368257724378 0.2381646186495281 0.23541410331525026 0.1923396782017157 0.1415048099565459 0.0 0.19712538421894488 0.15428559512945828 0.18509429583233228 0.2147180017856155 0.18327547791222498 0.22408661830675336 0.21076428711536876 0.24785836865614297 0.23610914094184932 0.18249382184856044 0.2104377795393101 0.205323594949945 0.21294997299551677 0.24748608340852463 0.27152910372383887 0.27133572284068475 0.31895238876507803 0.2667965035939581 0.2489808024828496 0.22906095996199882 0.2654100746461422 0.27750618006581196 0.2690624627160446 0.24747707499756844 0.28679641490379404 0.27508664282836703 0.27584682589659903 0.2652089668405896 0.2419285748706822 0.2904768519651527 0.24785576302989165 0.2721504721961826 0.30299021142058713 0.2832737478739351 0.2888063272569501 0.3143959484086739 0.29210652074229937 0.27991620603066125 0.2787862803706659 0.2760199598060289 0.2753867978757537 0.23679276281909067 0.2778535612663531 0.2903828654269123 0.27109812874487915 0.2868215338168525 0.27636928086244694 0.27338514830700344 0.3257520998183332 0.24895489419148575 0.2600882139616253 0.2761768020817449 0.2577516339668773 0.3081242238951114 0.29115191439537624 0.29806400984404113 0.2817768665035094 0.2501067753934192 0.316258487913454 0.2957240416743655 0.3035462224526857 0.3134928442477537 0.2729441773891652 0.3176018261317617 0.26323672461045033 0.3105332224223788 0.3425280339399219 0.2904130075086049 0.2808025141021344 0.31505285639517666 0.28746281990029754 0.2627078327165553 0.31003236130334866 0.3133983980163203 0.2962740853142556 0.3587220610704569 0.33476892560956006 0.32772547480930714 0.34544110705667963 0.2945639126028702 0.3073108147730227 0.3224274711571917 0.308340535442407 0.32081707066213083 0.35876574255755966 0.3157538777600516 0.31644804016488226 0.30215335030520396 0.33357938683233623 0.32828064535189716 0.3544871816218711 0.3305197671655493 0.3346276138924711 0.35057108846957397 
0.330466860445653 0.17231796958650647 0.17154859719646098 0.24743820836806774 0.2269366155105168 0.21954973321538784 0.19712538421894488 0.0 0.18680480249033582 0.2003844767835098 0.2377707915788696 0.2037787570705063 0.23670150024672332 0.23903326767569888 0.2526431381750114 0.25615820660344935 0.21137094768785525 0.22980254965862346 0.22301967630825825 0.23064506010948882 0.23015318230667914 0.2583466078645251 0.26428309410789275 0.2564126008768015 0.2898012813511205 0.235396672876501 0.215725605011025 0.27661590126455926 0.25487642656685183 0.25575610700150786 0.27074345295332924 0.27031270731324497 0.27031430462952677 0.23715106560244414 0.24455305221095303 0.2438657934316074 0.2567255254701032 0.2655687933202283 0.27879304481791234 0.32089563584662806 0.2817945343753666 0.2777788302100114 0.2976271122055316 0.2505155312657319 0.2594755375908945 0.2633440519862301 0.2392309152133787 0.28206973878919106 0.25222924517531176 0.25492798772398617 0.23180406251564034 0.28087500029172996 0.2849596082303655 0.24161338600829063 0.2804267250557346 0.32533354319975083 0.2763566425396433 0.2982537924448576 0.29836313664888015 0.28305335206354165 0.23696212625678392 0.2266510593996467 0.26580479163836057 0.2908431703461102 0.2810574354967772 0.3147848054652921 0.3192652665901893 0.2837416555325818 0.2796761546302443 0.23826345392338633 0.31928588696245686 0.28051929290138977 0.30608704460269553 0.3289991465775507 0.3166498709092892 0.2756846696760369 0.33594496722216716 0.26848332879371084 0.26947359834716067 0.31526931056610097 0.33434279493067687 0.3414586047635749 0.32194026136829457 0.3761750211010131 0.37967696279532703 0.3026451714149838 0.2951733094506471 0.3235822022452305 0.3046448438075976 0.2885446472649881 0.3274550276601301 0.3627200726933243 0.30505057365264543 0.326273403629315 0.3136277185098245 0.36066115214884076 0.3351315403761901 0.37579903777833623 0.30676493251119685 0.33360909427237173 0.33920938911665965 
0.2854322385269591 0.17721947906603008 0.2212089410559368 0.2142233519268566 0.21152036332842994 0.15578014715043764 0.15428559512945828 0.18680480249033582 0.0 0.14780823788994635 0.17705008616427909 0.16872303553618306 0.20647696042335784 0.1818848621172343 0.24508386894422196 0.2191281281978127 0.19109611830474882 0.15891052759212865 0.21185468704608734 0.2008288705442286 0.22763690234823042 0.22525557569425425 0.26724176616684325 0.2914184893759385 0.2866822146997461 0.21905315609049314 0.23044776359266994 0.2854667934240954 0.2364733060706553 0.26810600810706153 0.2497425409206082 0.2504882488933121 0.231676921388 0.27009626430103617 0.2550915368033353 0.2600116564480647 0.25431860498280134 0.27021023236357145 0.2861539966372282 0.2979258688383061 0.26506436426813285 0.2590591194220795 0.29394025885711283 0.27349936783175977 0.2760844405566695 0.27867967638227475 0.2599935773152253 0.26601717151493065 0.243898702766024 0.2697098379116928 0.23887828714423542 0.22816552517174227 0.28078890028700043 0.22203124995783619 0.2526088938904385 0.30931035788083805 0.2784396638905817 0.2575476959723866 0.2869479045223361 0.26665860848433753 0.30159346545383514 0.2661646763389133 0.2682098680260556 0.24328207004525382 0.2767481367333373 0.2925976052678464 0.2930034560996333 0.2682998344824393 0.2863665243670186 0.24767578766386633 0.28838884539818765 0.24572509357971994 0.2932963421086726 0.31233437837073863 0.30214948791527707 0.29329653572083925 0.27648419194518137 0.2508922707742718 0.25483827712934437 0.30166440238134795 0.29744933380775473 0.3153683342700576 0.32249671229182775 0.3515546722555202 0.3356465375182123 0.29286272118287315 0.28608212081749684 0.3022404527826157 0.30170631181897656 0.2996800167265725 0.33903151182120117 0.34975127271251294 0.2891849157110806 0.3031264052392708 0.3033183888442702 0.3426478638429449 0.31598171479685266 0.3582934950313257 0.32138309248302477 0.3138028536217584 0.324902344239936 
0.2769864884101453 0.14384449400686494 0.22248941185776838 0.20433689381233677 0.21143569822681207 0.16092052610121732 0.18509429583233228 0.2003844767835098 0.14780823788994635 0.0 0.2340673343460843 0.1416865786525351 0.21528534853697212 0.2076036321353082 0.2200294487712786 0.20857701657751493 0.16263410672742262 0.18751108799538962 0.21047900721471657 0.22617010657039727 0.2134125269909607 0.2687998892104212 0.255405916767938 0.2731135926323395 0.28956883213373763 0.22783729008590403 0.22897975090145384 0.2516854472999397 0.24999547176688164 0.26495788191693914 0.24716541989612273 0.2703512213523167 0.24878355069288638 0.2407445737997771 0.25600925834840993 0.2177747919959362 0.24569791018623732 0.2589948182827486 0.26921731216846656 0.2827430194889542 0.2906046164536812 0.24809057139393786 0.289068128406891 0.2784070079610578 0.26945736417076016 0.27838318509760207 0.2504046333639689 0.25891928319104796 0.22602251852972866 0.254192885519936 0.24629067615799027 0.24235234258718774 0.2733487714919408 0.24820493547490907 0.2517223410000169 0.280966797657363 0.24628048966687843 0.282255094821651 0.2904086534635375 0.26572210318559286 0.2536111089843608 0.26529127163869726 0.3072509540296936 0.27846714174890097 0.2665235709526521 0.3088770615111741 0.2983368024596006 0.2834182960582714 0.285744723970461 0.2660140855066636 0.3131219302380668 0.27697639431172694 0.29788871713072773 0.31156724755261167 0.2939043554452041 0.28156909807676267 0.324886384029039 0.2889439205808523 0.23120277667529232 0.2919741940063888 0.31368194206259514 0.2945764122480431 0.34998953301605207 0.37022000905214547 0.3322692013784462 0.28876755480788163 0.2802399728035182 0.310852290714663 0.26977864613408997 0.3287391911242886 0.3240062326715719 0.356890261040932 0.31970812025479767 0.32868355713634556 0.29877100107649524 0.35198106082845104 0.33733555883460475 0.34481778033374155 0.3040660767568676 0.34019155801044587 0.3538771511655644 
0.3192914022385377 0.2379446250159557 0.26501589384742363 0.20258150016887966 0.21689288396803585 0.22927028664925042 0.2147180017856155 0.2377707915788696 0.17705008616427909 0.2340673343460843 0.0 0.15244937706245698 0.1697923053416528 0.23867666094446316 0.20661860367413465 0.19260724557282005 0.17429552123942404 0.23377584421254627 0.19604582986946806 0.19716434611887845 0.2572854519843838 0.2528478074292816 0.2695910279792769 0.26131325201277644 0.26970460096531945 0.20574236837358473 0.27084483197100917 0.24290936803411167 0.2322366395376635 0.20791072507658803 0.2515776162953598 0.251325541160602 0.23261476838562356 0.27278567931145414 0.2589793827506216 0.26254178826903174 0.26599853331918155 0.23817968592728078 0.27769625415260746 0.31668814281616475 0.2597944810862094 0.26071273527637917 0.2860290305241334 0.28600092418549883 0.2649179580711787 0.2891454654918659 0.2790630294225728 0.2541580608606563 0.24430543721333675 0.27215862838295357 0.2931972589765808 0.23492067529857086 0.26925060805283907 0.2320855374366546 0.23729841269878427 0.26425564422444525 0.2693909600336615 0.2558879699514226 0.26712572372409005 0.29036051639638316 0.2668474960051016 0.27128694019304433 0.25936692738698686 0.2910659133322687 0.2809306555395198 0.32191650209171063 0.2784402058482498 0.2681471919532258 0.30984650386511725 0.2653890566752759 0.32872861934502695 0.2681649717304849 0.2830336326416343 0.3048517479322962 0.29333832887589895 0.28808451421453585 0.2799277027990169 0.2790055741439723 0.27960460058022063 0.3047862649402481 0.274927324295713 0.2935089672820713 0.3457094049923628 0.3062807393495517 0.35512901863953705 0.31819698550316255 0.28278918521183327 0.2983941702553683 0.2986633428813875 0.30941905151894844 0.3397502557189681 0.33749214223208857 0.3208401110691863 0.328321551145238 0.31787565034585297 0.3637006754276584 0.3329306781861636 0.3616531829450922 0.2916675332132376 0.3259863695829175 0.3322860948448447 
0.2827166180543511 0.18418868007352085 0.22926003414644358 0.1940063204103173 0.21181027742942393 0.16469366404314234 0.18327547791222498 0.2037787570705063 0.16872303553618306 0.1416865786525351 0.15244937706245698 0.0 0.18172065742169363 0.1743627488161168 0.21022524804830067 0.1755912168781748 0.18079277897377866 0.18886232882717946 0.18939174281846105 0.16786464754121266 0.22564357387050882 0.23400059232627923 0.24495903059235669 0.2696780506987613 0.2519259262770521 0.2196849964262556 0.21934178098941504 0.20736220147564588 0.19674560626754845 0.23399846513468114 0.2299793709970137 0.28941614004374505 0.2556719357169299 0.28457350911130797 0.27448248922005414 0.22851905956146112 0.24507236424823753 0.24154757124089254 0.2787281750152195 0.2859587128377843 0.2660944710870583 0.2516778367549949 0.29985626532664933 0.2933986683894636 0.2786339223609724 0.2764092342397474 0.25727933827179583 0.24389615312324664 0.21619402582356395 0.24243079588905836 0.2650506160003919 0.22428056312032585 0.26706534517158353 0.2575750009378863 0.2315414122454601 0.3148564375325966 0.26766702125271513 0.2557929513906676 0.2767672430690291 0.25813759863228025 0.30810720869899144 0.27167947286580985 0.25669366366076884 0.26047569992779784 0.25569637409727786 0.2784369723313538 0.2850724203757987 0.27588314892614096 0.2808681670769799 0.26556856628649805 0.32505586095157946 0.28251917475085864 0.28332427108388447 0.3239143069281367 0.25999887189830806 0.2732186020219972 0.2862391935371742 0.30072906891249973 0.2623449702511227 0.30236316161164445 0.3045634275784145 0.30365459971751996 0.33727630974870104 0.3271051354941237 0.3217186713135728 0.3145919203370413 0.2803608457444404 0.3113980177755439 0.28843656779249105 0.3178356682837229 0.3419804679028208 0.36457987931348823 0.32192341884270215 0.32218361981427024 0.29407748156607594 0.3181988325319869 0.34780647690137056 0.33743127331363165 0.35495741847214746 0.34664282314338535 0.33760048743967597 
0.31740125099625993 0.21359368792956268 0.2545538900104235 0.2197335769246478 0.2497229436058478 0.24753355892179685 0.22408661830675336 0.23670150024672332 0.20647696042335784 0.21528534853697212 0.1697923053416528 0.18172065742169363 0.0 0.2013088274703363 0.1660237699085345 0.22209307288402758 0.17102339262083188 0.20284998419832456 0.18259853233192802 0.23258643218688468 0.21192592233616303 0.2314228520988032 0.27095797038392 0.2782015206876549 0.2881275302689823 0.2385554830490203 0.2625786427635811 0.2675098235309401 0.23096114031047066 0.24541772976351428 0.28664520978819763 0.25402460141341654 0.22327867028733772 0.27141278524319346 0.19937144148199026 0.27885008977774783 0.24905044463232662 0.24783827186773844 0.2988786716483446 0.32207378890133853 0.29576664859251167 0.2688435336775211 0.2905344745619496 0.24016715084450824 0.23333855689497862 0.3011045691401312 0.27075235661100394 0.29899436147182834 0.24629725105592248 0.2819150729340256 0.2660410827503853 0.2871440816663725 0.28521153855294246 0.24273462718622774 0.24384763295903678 0.31749818510652883 0.29684384735111424 0.2901153319668758 0.2738228319825272 0.29967298940343334 0.23689043791648756 0.26502521347786834 0.2822115537081109 0.2739587050518345 0.28343055721149524 0.2898882682788343 0.2884831082229907 0.2810602561869163 0.3109732031620296 0.22225707840798758 0.27853056632446505 0.27767770981736284 0.31258257839220416 0.28851610292424645 0.31217721043544455 0.2961858179410346 0.2965178639551692 0.29782447785505695 0.2636001281973628 0.3172063563772207 0.3187310539335724 0.31619194507333015 0.3414402995076269 0.34114613566816965 0.3521724400718913 0.27941330809136744 0.3001900746088809 0.314559602486031 0.266502844472841 0.2781517978212673 0.3541248722349426 0.35427434549409853 0.3140290215408701 0.3272104567770324 0.2988522179761792 0.35755592899262356 0.3134090373498972 0.35279125051027427 0.30771090551957914 0.3623859288611131 0.3201176490494734 
0.2989470682182872 0.22175455194816274 0.23300167887734358 0.23381884224626315 0.24419202347947666 0.21639918229875943 0.21076428711536876 0.23903326767569888 0.1818848621172343 0.2076036321353082 0.23867666094446316 0.1743627488161168 0.2013088274703363 0.0 0.14000112742961224 0.19049283487948532 0.17353770286524972 0.17440734102568356 0.19215883740655937 0.18557783730354083 0.23907678705751123 0.2691874742947583 0.2527120565243378 0.30519398623139005 0.30086055693958 0.2565210074526243 0.2330070012481913 0.2466697875702727 0.2500636942008104 0.2418333232495704 0.2150943310042287 0.24165985440663929 0.2595222114861325 0.2883890407037679 0.2582122731122328 0.21711220535562503 0.27778827815581186 0.2806057425824342 0.2641659508263331 0.3079677378679968 0.278884583585579 0.3003253735819852 0.3183639659069566 0.30988572533415126 0.27088775529124953 0.2840290562755997 0.29335357132880213 0.2698774086604946 0.24894422388634785 0.2494914639168715 0.2874549435072171 0.2184428592872647 0.2831955226890729 0.26306729404451235 0.26620003849505924 0.3163080226329765 0.27308088635648786 0.2583686270511366 0.29062039888727187 0.26747766987491917 0.3179101350769703 0.24319144521749536 0.2545491787309925 0.29111860389747213 0.25636996689910163 0.31720461487082907 0.30173898342401284 0.29376392440848864 0.3234392344406075 0.26774269359557945 0.3463691560897403 0.2630454364323872 0.29909143374531133 0.34128529591845114 0.31050401953547346 0.2956288008998369 0.31826476741318965 0.28377730380544297 0.2953472818547159 0.34894114059967596 0.31540630735873687 0.33112767663335485 0.3502180336257844 0.34552251344754514 0.3663962528709732 0.3380229538112869 0.3087527965480442 0.31327527465342686 0.32567309408058 0.36364536314611384 0.35475326817575736 0.3685186851489136 0.3471246746233625 0.3307367471247863 0.31027593427294475 0.36980309711804094 0.35004760798263024 0.3662445210692088 0.35829390888435186 0.3535388979564197 0.350721730742236 
0.31723228609541854 0.21968434035346185 0.2630177628291154 0.2339334525236335 0.23510370061160446 0.22667939880561516 0.24785836865614297 0.2526431381750114 0.24508386894422196 0.2200294487712786 0.20661860367413465 0.21022524804830067 0.1660237699085345 0.14000112742961224 0.0 0.1836972865872335 0.17047413226854946 0.1903172507173605 0.19622408517382406 0.21734916216703248 0.2534183198073864 0.24659648250791144 0.24643538182179558 0.3027468243481135 0.30350516972061303 0.21397610256799882 0.2394381569808015 0.23753357575148737 0.25913475597275326 0.24399504214804146 0.25904401954607137 0.2422293212516482 0.24745640909702926 0.28850227771287085 0.26220203013094057 0.26340623390906304 0.2831096256777623 0.2618474007378172 0.3015304601566987 0.3199549860826272 0.286874472878766 0.2788392752632234 0.31318113308788453 0.3069507761288367 0.2902089976662353 0.3095753409504368 0.30618109248303704 0.29011447917829014 0.2647207781615848 0.2762694284240428 0.311851696074096 0.2840180256243735 0.28520335289269605 0.25564554150751784 0.2453330370578235 0.296529294864998 0.2532397682714531 0.30117788150564617 0.27012593750697667 0.3103908547860097 0.2833457662426496 0.2745018472871682 0.26221545460653006 0.26797111933362894 0.2527817462007954 0.2826232940677509 0.2998488760249203 0.2972424448928378 0.2877009799313671 0.2417941969313987 0.28256971176242507 0.29129113811653873 0.3053732964238033 0.31117969513401866 0.2886441899642559 0.3194138976038393 0.29376688852436295 0.3018527559323131 0.2602896768157609 0.30764091375990565 0.2917263371963016 0.3215018889195138 0.3490873508293306 0.3246111006925434 0.34422583777678584 0.312055050716324 0.30486828751158346 0.27802667843305695 0.305941129969205 0.31580787226178075 0.3436685384684556 0.35254983016614794 0.3330264497192711 0.3278120080387129 0.27816450216924826 0.3507970702128578 0.35794813966887085 0.36659027499327124 0.3227046273795384 0.35165480478369093 0.33621301768128087 
0.3059178840385449 0.22782356306801033 0.24836058715719567 0.22445816384925443 0.16324635755488925 0.20164723361881476 0.23610914094184932 0.25615820660344935 0.2191281281978127 0.20857701657751493 0.19260724557282005 0.1755912168781748 0.22209307288402758 0.19049283487948532 0.1836972865872335 0.0 0.11325032716279759 0.15853090248402935 0.1398287798829032 0.1833834274477234 0.22284789114957826 0.2307685311878298 0.24436239189534248 0.26623184059309335 0.27135493930217813 0.22030352560054312 0.2559403485145243 0.2546752630721083 0.22710737817885196 0.24418383360112172 0.2719177204038822 0.2456850169224194 0.26800275311597255 0.291335272833791 0.2686778250034527 0.2833820251260062 0.2768865302266297 0.27964799628769466 0.2699601808363764 0.29793600598669856 0.26854633322041055 0.2864775496737132 0.29697164979354873 0.30111132923898265 0.277747599834023 0.3077735109522983 0.31398142164930676 0.257916077780021 0.2590215432078802 0.30456477164298945 0.2775192128567966 0.27516603344449797 0.2972086718689907 0.24720527553897864 0.245233616740126 0.305088487232143 0.25934413862086647 0.2739962525825821 0.25459609932075744 0.29135900770899503 0.2946077278315745 0.2907299876467083 0.2755855359345023 0.27573324430640467 0.2478259112299248 0.3148645739876643 0.2994624696961322 0.28764481494248273 0.3030141939415464 0.25245216267423487 0.28570362548129447 0.2373473389514834 0.3093231236378783 0.30308521821208334 0.2927918341261747 0.2721519294869271 0.2832740478442164 0.29385448679527815 0.26727787482766163 0.322660827755442 0.2992658682182576 0.27958666051979086 0.33870496573905284 0.333934498578926 0.32844600498398335 0.3027939684908949 0.27141452298141666 0.3052583297273185 0.2826133873973884 0.3219092579328662 0.3403280002115947 0.3379134137501093 0.29607879188357744 0.31941634222335435 0.2861826802577845 0.331004045044873 0.3336515836099463 0.3266394643011251 0.2980168466177161 0.35099331194253125 0.3263340631442604 
0.28179703941158163 0.20281578928984678 0.21091605737965569 0.20934610648096785 0.21214618183420197 0.22310358469955627 0.18249382184856044 0.21137094768785525 0.19109611830474882 0.16263410672742262 0.17429552123942404 0.18079277897377866 0.17102339262083188 0.17353770286524972 0.17047413226854946 0.11325032716279759 0.0 0.14202373397805157 0.13228474219069264 0.19446046834482078 0.20994512083224826 0.23331283846809914 0.20504469703388117 0.26421436098996165 0.22697749295334402 0.21022897885933367 0.21741111570453842 0.23709385843971797 0.21183162770583208 0.21787808226160477 0.2656813645992925 0.24671646309708628 0.22536386150994814 0.2532475152236142 0.21831647434690937 0.25486012559459903 0.23903932140399264 0.2272227524379613 0.25884334019703836 0.2883435281241118 0.2819939126133808 0.24186603942970153 0.277808919916146 0.2691893041916591 0.25876054653578795 0.2847565236420161 0.226561712513623 0.2596647774962906 0.23649709902521754 0.24327445076578602 0.25828428888317656 0.2747747641263446 0.25695254074994656 0.23614533812492278 0.23609628309837882 0.2828308051687969 0.27410643861548856 0.2693086972603371 0.2754033815916481 0.27306969290621885 0.23340819265064527 0.23733266490054272 0.2542783295856569 0.26068958723697966 0.2044947088751049 0.2798006214010563 0.2775104982777876 0.23458407117255087 0.2503088065266057 0.24429218085201654 0.2977667815560219 0.23040892307185745 0.26770907972410307 0.2796533727678797 0.27768633259317077 0.24847111678317713 0.28914676601006395 0.2252119284674674 0.23756620001541473 0.2725192931031015 0.29549327031794836 0.2931097554857611 0.3312521594803024 0.3400666399470801 0.3050126548239591 0.27875286873934324 0.2632043395217748 0.294422096367276 0.29150631907657376 0.2757528841649103 0.31607017330502063 0.33047388844843373 0.26724619182966425 0.2950560904626681 0.27090143058989447 0.3078550598121299 0.30594650255337064 0.31168144909896534 0.2789217203968821 0.31302462645285667 0.30658185800557103 
0.25944679080107313 0.22097194645834184 0.2652826200684071 0.24335326878361152 0.22490467103418754 0.17544350215690596 0.2104377795393101 0.22980254965862346 0.15891052759212865 0.18751108799538962 0.23377584421254627 0.18886232882717946 0.20284998419832456 0.17440734102568356 0.1903172507173605 0.15853090248402935 0.14202373397805157 0.0 0.14536110633366894 0.19052373112799925 0.23573937491177288 0.1956034158650093 0.2892157083731546 0.2886414906734037 0.29869398097132216 0.2667834571301283 0.23463419409592634 0.25619835012000947 0.22909787849671426 0.2539408482738573 0.24107090873498083 0.2503790736386492 0.2649698737341103 0.2873078080946003 0.2740083797704296 0.2649613339398552 0.2709077040124451 0.2651586159703585 0.30856031980665166 0.3027272182939831 0.29028827391417744 0.27348766537807956 0.2759098522607413 0.3042646883453547 0.30113168515619526 0.30127827903734283 0.29900594625697763 0.2631641218723053 0.2460496809483309 0.2889627473886325 0.2704482275113528 0.2607581378000151 0.302479417075215 0.24891538962172 0.25829098546846296 0.30427041549304235 0.2745675867257549 0.3053241689266971 0.2629553503643913 0.24682121069675744 0.2984571683793824 0.296320161252258 0.2810987873267513 0.28493016984244024 0.2738609161817347 0.2878689949477786 0.2963558761114501 0.2863634365221096 0.28828802135364096 0.2776746154892299 0.31512869703108604 0.2698362629378952 0.2947453947639207 0.31026507857300045 0.28668422961066864 0.29533783009058645 0.3069906808426348 0.2920627942154014 0.27520699272247595 0.3436741010515739 0.2972688408928794 0.29538343807577294 0.35301723509577887 0.32632953017586974 0.34095010090432665 0.323294356370052 0.29477171804563984 0.29707530808813687 0.29411375975395826 0.32030181846717676 0.32841329413735343 0.3512349197955975 0.31959002232140143 0.3169134082065729 0.29603048802856646 0.35413529807791067 0.3318678069381801 0.343740232326298 0.34788993684737113 0.33363308910045275 0.37294201229379764 
0.3005488090359254 0.2064765215450921 0.23351706806645567 0.17548164262231658 0.20963675375541857 0.19398291326808947 0.205323594949945 0.22301967630825825 0.21185468704608734 0.21047900721471657 0.19604582986946806 0.18939174281846105 0.18259853233192802 0.19215883740655937 0.19622408517382406 0.1398287798829032 0.13228474219069264 0.14536110633366894 0.0 0.1671629103545359 0.17033450858570554 0.1823077656013583 0.24497146531010816 0.25299055404755355 0.2282825842057402 0.20669368342068473 0.23229054267843086 0.25353168531550874 0.2742732023157044 0.22956301729299433 0.27068502573305575 0.2552155284562506 0.24866996563484756 0.2454156847719654 0.22986979359060788 0.22765115466015484 0.23857242241411425 0.2263422139469895 0.2745332123602344 0.267591212254925 0.247097151991573 0.2808668185930945 0.284283361424846 0.2883857061912223 0.287417458238201 0.31280257571856807 0.2915797117444304 0.2168988146464702 0.2479859682002642 0.2897611273838444 0.27595472175355307 0.2734298439594821 0.2764799446556956 0.25094029923662653 0.26665199341328916 0.2789156856873989 0.2425848322702634 0.26229910552701485 0.2847180704852299 0.27833703744985694 0.2787217069239244 0.2701419904633692 0.27664470129819196 0.2760320372540931 0.26963293143137623 0.27981464919707155 0.2815254129277336 0.28439851513870595 0.2856568520911119 0.24500503584795585 0.27921826062578525 0.24526057428550818 0.26710690311735563 0.2857431363658294 0.2716606659176751 0.3065954830350419 0.27871366408951215 0.2962534698257778 0.23811875415962547 0.3084204387937205 0.2753485392580062 0.26877804397875216 0.32900519147988594 0.33187921204146587 0.31864028180291204 0.2992754933536197 0.27689455747473635 0.28213311250218676 0.2757154926832933 0.29869046819592915 0.34965983323071026 0.3627654035241975 0.30965770284391025 0.29927228625861557 0.3108850110145216 0.33036441594557164 0.3194637073589969 0.31210126664791993 0.30322967695006253 0.32872807572305685 0.34989249977762105 
0.2610128139484774 0.24676570029590505 0.2768775617470647 0.25796391185926604 0.2581755833881494 0.20452291498260722 0.21294997299551677 0.23064506010948882 0.2008288705442286 0.22617010657039727 0.19716434611887845 0.16786464754121266 0.23258643218688468 0.18557783730354083 0.21734916216703248 0.1833834274477234 0.19446046834482078 0.19052373112799925 0.1671629103545359 0.0 0.24610767747520879 0.23084108441584017 0.2203333327476028 0.29597172411230144 0.24775491745761047 0.25435653869569674 0.2541560193494363 0.25278313238084515 0.24881880698928838 0.2729342697577736 0.25604467598609026 0.27269161118762886 0.2425843001010365 0.27373772280825326 0.2759238929242529 0.242821459022323 0.28655508715228295 0.27252590953886924 0.27987627576373897 0.32220998908530507 0.31961234573217 0.29281883163245626 0.31064957390671877 0.30430201916988997 0.2921693573102583 0.27296250549562207 0.29271292305331875 0.27379450601799515 0.20809946803097057 0.2828221555860687 0.307430006642912 0.2464356474814957 0.2883257194605162 0.265666303956831 0.27587212569890995 0.3114126537626021 0.2948310977059764 0.27134854664610764 0.28334608760382674 0.26898274253299503 0.28804986374124086 0.2888134202480024 0.273406057583371 0.28222786317937565 0.24833219968273212 0.30816966796429224 0.2926037363465591 0.3299152512316661 0.3318856715135601 0.26322769460961126 0.3202991866028885 0.26595043894754233 0.3198110288171949 0.3009640014903763 0.33299025977244767 0.3356341199586774 0.3278246034485951 0.2924300802434887 0.2802031881665137 0.3437562525213177 0.29727868225129095 0.3240039953732168 0.37032156400600713 0.346683801084531 0.3638385550780393 0.3506891606364849 0.29337270631445733 0.3399896416682868 0.33371018172928224 0.3633041366315366 0.36377235674718933 0.37064308531606105 0.33463072605637034 0.33954543455022446 0.3326353315144963 0.35918118890547257 0.3360139318225953 0.36510275778526013 0.3490402511005881 0.3523008768811131 0.34223283923436654 
